(916, 217, 945, 246, 'exit')
(916, 218, 945, 247, 'exit')
(917, 218, 946, 247, 'exit')
(916, 219, 945, 248, 'exit')
(968, 541, 997, 570, 'exit')
(969, 541, 998, 570, 'exit')
(968, 542, 997, 571, 'exit')
(969, 542, 998, 571, 'exit')
(1457, 543, 1486, 572, 'exit')
(1171, 544, 1200, 573, 'exit')
(1352, 544, 1381, 573, 'exit')
(1353, 544, 1382, 573, 'exit')
(1457, 544, 1486, 573, 'exit')
(856, 545, 885, 574, 'exit')
(857, 545, 886, 574, 'exit')
(1171, 545, 1200, 574, 'exit')
(1352, 545, 1381, 574, 'exit')
(1353, 545, 1382, 574, 'exit')
(856, 546, 885, 575, 'exit')
(1171, 546, 1200, 575, 'exit')
(1613, 546, 1642, 575, 'exit')
(1614, 546, 1643, 575, 'exit')
(1613, 547, 1642, 576, 'exit')
(1614, 547, 1643, 576, 'exit')
(574, 681, 603, 710, 'exit')
(574, 682, 603, 711, 'exit')
(1538, 725, 1567, 754, 'exit')
(1537, 726, 1566, 755, 'exit')
(1538, 726, 1567, 755, 'exit')
(1209, 729, 1238, 758, 'exit')
(1210, 729, 1239, 758, 'exit')
(1209, 730, 1238, 759, 'exit')
(1210, 730, 1239, 759, 'exit')
(794, 738, 823, 767, 'exit')
(794, 739, 823, 768, 'exit')
(1084, 740, 1113, 769, 'exit')
(1085, 740, 1114, 769, 'exit')
(1084, 741, 1113, 770, 'exit')
(1085, 741, 1114, 770, 'exit')
(952, 766, 981, 795, 'exit')
(952, 767, 981, 796, 'exit')
(1399, 793, 1428, 822, 'exit')
(1400, 793, 1429, 822, 'exit')
(1400, 794, 1429, 823, 'exit')
(1595, 862, 1624, 891, 'exit')
(1198, 863, 1227, 892, 'exit')
(1199, 863, 1228, 892, 'exit')
(1229, 863, 1258, 892, 'exit')
(1595, 863, 1624, 892, 'exit')
(1199, 864, 1228, 893, 'exit')
(1229, 864, 1258, 893, 'exit')
(916, 216, 946, 246, 'exit')
(916, 217, 946, 247, 'exit')
(916, 218, 946, 248, 'exit')
(968, 540, 998, 570, 'exit')
(969, 540, 999, 570, 'exit')
(968, 541, 998, 571, 'exit')
(969, 541, 999, 571, 'exit')
(1457, 542, 1487, 572, 'exit')
(1171, 543, 1201, 573, 'exit')
(1352, 543, 1382, 573, 'exit')
(1353, 543, 1383, 573, 'exit')
(1457, 543, 1487, 573, 'exit')
(856, 544, 886, 574, 'exit')
(857, 544, 887, 574, 'exit')
(1171, 544, 1201, 574, 'exit')
(1352, 544, 1382, 574, 'exit')
(1353, 544, 1383, 574, 'exit')
(856, 545, 886, 575, 'exit')
(1171, 545, 1201, 575, 'exit')
(1613, 545, 1643, 575, 'exit')
(1614, 545, 1644, 575, 'exit')
(1613, 546, 1643, 576, 'exit')
(1614, 546, 1644, 576, 'exit')
(574, 680, 604, 710, 'exit')
(573, 681, 603, 711, 'exit')
(574, 681, 604, 711, 'exit')
(1538, 724, 1568, 754, 'exit')
(1537, 725, 1567, 755, 'exit')
(1538, 725, 1568, 755, 'exit')
(1209, 728, 1239, 758, 'exit')
(1210, 728, 1240, 758, 'exit')
(1209, 729, 1239, 759, 'exit')
(1210, 729, 1240, 759, 'exit')
(714, 731, 744, 761, 'exit')
(794, 737, 824, 767, 'exit')
(794, 738, 824, 768, 'exit')
(1084, 739, 1114, 769, 'exit')
(1085, 739, 1115, 769, 'exit')
(1084, 740, 1114, 770, 'exit')
(1085, 740, 1115, 770, 'exit')
(952, 765, 982, 795, 'exit')
(952, 766, 982, 796, 'exit')
(1399, 792, 1429, 822, 'exit')
(1400, 792, 1430, 822, 'exit')
(1399, 793, 1429, 823, 'exit')
(1400, 793, 1430, 823, 'exit')
(1595, 861, 1625, 891, 'exit')
(1198, 862, 1228, 892, 'exit')
(1199, 862, 1229, 892, 'exit')
(1229, 862, 1259, 892, 'exit')
(1595, 862, 1625, 892, 'exit')
(1198, 863, 1228, 893, 'exit')
(1199, 863, 1229, 893, 'exit')
(1229, 863, 1259, 893, 'exit')
(1595, 863, 1625, 893, 'exit')
(912, 214, 949, 251, 'exit')
(1167, 541, 1204, 578, 'exit')
(1348, 541, 1385, 578, 'exit')
(1349, 541, 1386, 578, 'exit')
(1167, 542, 1204, 579, 'exit')
(570, 677, 607, 714, 'exit')
(569, 678, 606, 715, 'exit')
(570, 678, 607, 715, 'exit')
(1591, 858, 1628, 895, 'exit')
(1590, 859, 1627, 896, 'exit')
(1591, 859, 1628, 896, 'exit')
(1591, 860, 1628, 897, 'exit')
(913, 215, 947, 249, 'exit')
(913, 216, 947, 250, 'exit')
(1454, 541, 1488, 575, 'exit')
(853, 542, 887, 576, 'exit')
(1168, 542, 1202, 576, 'exit')
(1349, 542, 1383, 576, 'exit')
(1350, 542, 1384, 576, 'exit')
(853, 543, 887, 577, 'exit')
(1168, 543, 1202, 577, 'exit')
(1610, 544, 1644, 578, 'exit')
(1611, 544, 1645, 578, 'exit')
(571, 678, 605, 712, 'exit')
(570, 679, 604, 713, 'exit')
(571, 679, 605, 713, 'exit')
(1206, 726, 1240, 760, 'exit')
(1206, 727, 1240, 761, 'exit')
(1396, 790, 1430, 824, 'exit')
(1397, 790, 1431, 824, 'exit')
(1396, 791, 1430, 825, 'exit')
(1397, 791, 1431, 825, 'exit')
(1591, 860, 1625, 894, 'exit')
(1592, 860, 1626, 894, 'exit')
(1592, 861, 1626, 895, 'exit')
(549, 778, 579, 808, 'extincteur')
(915, 370, 944, 399, 'extincteur')
(916, 370, 945, 399, 'extincteur')
(915, 371, 944, 400, 'extincteur')
(916, 371, 945, 400, 'extincteur')
(754, 535, 783, 564, 'extincteur')
(755, 535, 784, 564, 'extincteur')
(755, 536, 784, 565, 'extincteur')
(647, 550, 676, 579, 'extincteur')
(647, 551, 676, 580, 'extincteur')
(1492, 553, 1521, 582, 'extincteur')
(1492, 554, 1521, 583, 'extincteur')
(1493, 554, 1522, 583, 'extincteur')
(1645, 570, 1674, 599, 'extincteur')
(1646, 570, 1675, 599, 'extincteur')
(1370, 576, 1399, 605, 'extincteur')
(1370, 577, 1399, 606, 'extincteur')
(618, 609, 647, 638, 'extincteur')
(618, 610, 647, 639, 'extincteur')
(619, 610, 648, 639, 'extincteur')
(1040, 617, 1069, 646, 'extincteur')
(1079, 617, 1108, 646, 'extincteur')
(1080, 617, 1109, 646, 'extincteur')
(1039, 618, 1068, 647, 'extincteur')
(1040, 618, 1069, 647, 'extincteur')
(1079, 618, 1108, 647, 'extincteur')
(1080, 618, 1109, 647, 'extincteur')
(670, 620, 699, 649, 'extincteur')
(671, 620, 700, 649, 'extincteur')
(885, 635, 914, 664, 'extincteur')
(886, 635, 915, 664, 'extincteur')
(885, 636, 914, 665, 'extincteur')
(886, 636, 915, 665, 'extincteur')
(1224, 648, 1253, 677, 'extincteur')
(1354, 648, 1383, 677, 'extincteur')
(1355, 648, 1384, 677, 'extincteur')
(1224, 649, 1253, 678, 'extincteur')
(1225, 649, 1254, 678, 'extincteur')
(1354, 649, 1383, 678, 'extincteur')
(1355, 649, 1384, 678, 'extincteur')
(1224, 650, 1253, 679, 'extincteur')
(1181, 659, 1210, 688, 'extincteur')
(1182, 659, 1211, 688, 'extincteur')
(1645, 660, 1674, 689, 'extincteur')
(1644, 661, 1673, 690, 'extincteur')
(1645, 661, 1674, 690, 'extincteur')
(1645, 662, 1674, 691, 'extincteur')
(1519, 666, 1548, 695, 'extincteur')
(1519, 667, 1548, 696, 'extincteur')
(1520, 667, 1549, 696, 'extincteur')
(1519, 668, 1548, 697, 'extincteur')
(891, 672, 920, 701, 'extincteur')
(892, 672, 921, 701, 'extincteur')
(892, 673, 921, 702, 'extincteur')
(1059, 680, 1088, 709, 'extincteur')
(1059, 681, 1088, 710, 'extincteur')
(1060, 681, 1089, 710, 'extincteur')
(486, 727, 515, 756, 'extincteur')
(487, 727, 516, 756, 'extincteur')
(487, 728, 516, 757, 'extincteur')
(686, 767, 715, 796, 'extincteur')
(687, 767, 716, 796, 'extincteur')
(686, 768, 715, 797, 'extincteur')
(687, 768, 716, 797, 'extincteur')
(883, 770, 912, 799, 'extincteur')
(1084, 770, 1113, 799, 'extincteur')
(1085, 770, 1114, 799, 'extincteur')
(882, 771, 911, 800, 'extincteur')
(883, 771, 912, 800, 'extincteur')
(1084, 771, 1113, 800, 'extincteur')
(1085, 771, 1114, 800, 'extincteur')
(587, 774, 616, 803, 'extincteur')
(588, 774, 617, 803, 'extincteur')
(587, 775, 616, 804, 'extincteur')
(548, 778, 577, 807, 'extincteur')
(549, 778, 578, 807, 'extincteur')
(549, 779, 578, 808, 'extincteur')
(774, 782, 803, 811, 'extincteur')
(775, 782, 804, 811, 'extincteur')
(774, 783, 803, 812, 'extincteur')
(775, 783, 804, 812, 'extincteur')
(1496, 796, 1525, 825, 'extincteur')
(1497, 796, 1526, 825, 'extincteur')
(1497, 797, 1526, 826, 'extincteur')
(1224, 801, 1253, 830, 'extincteur')
(1225, 801, 1254, 830, 'extincteur')
(1224, 802, 1253, 831, 'extincteur')
(1688, 805, 1717, 834, 'extincteur')
(1689, 805, 1718, 834, 'extincteur')
(470, 806, 499, 835, 'extincteur')
(1688, 806, 1717, 835, 'extincteur')
(1689, 806, 1718, 835, 'extincteur')
(470, 807, 499, 836, 'extincteur')
(1589, 814, 1618, 843, 'extincteur')
(1590, 814, 1619, 843, 'extincteur')
(1589, 815, 1618, 844, 'extincteur')
(975, 837, 1004, 866, 'extincteur')
(975, 838, 1004, 867, 'extincteur')
(873, 839, 902, 868, 'extincteur')
(874, 839, 903, 868, 'extincteur')
(1354, 839, 1383, 868, 'extincteur')
(1355, 839, 1384, 868, 'extincteur')
(734, 840, 763, 869, 'extincteur')
(874, 840, 903, 869, 'extincteur')
(1354, 840, 1383, 869, 'extincteur')
(734, 841, 763, 870, 'extincteur')
(769, 856, 798, 885, 'extincteur')
(770, 856, 799, 885, 'extincteur')
(769, 857, 798, 886, 'extincteur')
(770, 857, 799, 886, 'extincteur')
(783, 889, 812, 918, 'extincteur')
(784, 889, 813, 918, 'extincteur')
(571, 890, 600, 919, 'extincteur')
(783, 890, 812, 919, 'extincteur')
(784, 890, 813, 919, 'extincteur')
(571, 891, 600, 920, 'extincteur')
(666, 895, 695, 924, 'extincteur')
(667, 895, 696, 924, 'extincteur')
(1108, 895, 1137, 924, 'extincteur')
(963, 896, 992, 925, 'extincteur')
(964, 896, 993, 925, 'extincteur')
(1108, 896, 1137, 925, 'extincteur')
(1030, 901, 1059, 930, 'extincteur')
(1030, 902, 1059, 931, 'extincteur')
(1464, 903, 1493, 932, 'extincteur')
(1399, 904, 1428, 933, 'extincteur')
(1400, 904, 1429, 933, 'extincteur')
(1464, 904, 1493, 933, 'extincteur')
(1465, 904, 1494, 933, 'extincteur')
(1399, 905, 1428, 934, 'extincteur')
(1400, 905, 1429, 934, 'extincteur')
(1631, 905, 1660, 934, 'extincteur')
(1632, 905, 1661, 934, 'extincteur')
(1631, 906, 1660, 935, 'extincteur')
(1632, 906, 1661, 935, 'extincteur')
(797, 934, 826, 963, 'extincteur')
(798, 934, 827, 963, 'extincteur')
(797, 935, 826, 964, 'extincteur')
(798, 935, 827, 964, 'extincteur')
(945, 968, 974, 997, 'extincteur')
(946, 968, 975, 997, 'extincteur')
(945, 969, 974, 998, 'extincteur')
(477, 976, 506, 1005, 'extincteur')
(478, 976, 507, 1005, 'extincteur')
(477, 977, 506, 1006, 'extincteur')
(608, 1002, 637, 1031, 'extincteur')
(608, 1003, 637, 1032, 'extincteur')
(728, 1009, 757, 1038, 'extincteur')
(729, 1009, 758, 1038, 'extincteur')
(910, 1009, 939, 1038, 'extincteur')
(729, 1010, 758, 1039, 'extincteur')
(909, 1010, 938, 1039, 'extincteur')
(910, 1010, 939, 1039, 'extincteur')
(914, 368, 948, 402, 'extincteur')
(913, 369, 947, 403, 'extincteur')
(914, 369, 948, 403, 'extincteur')
(915, 369, 949, 403, 'extincteur')
(752, 533, 786, 567, 'extincteur')
(753, 533, 787, 567, 'extincteur')
(645, 549, 679, 583, 'extincteur')
(1490, 551, 1524, 585, 'extincteur')
(1491, 551, 1525, 585, 'extincteur')
(1490, 552, 1524, 586, 'extincteur')
(1491, 552, 1525, 586, 'extincteur')
(1644, 568, 1678, 602, 'extincteur')
(1645, 568, 1679, 602, 'extincteur')
(1368, 574, 1402, 608, 'extincteur')
(1368, 575, 1402, 609, 'extincteur')
(1369, 575, 1403, 609, 'extincteur')
(884, 633, 918, 667, 'extincteur')
(884, 634, 918, 668, 'extincteur')
(1353, 647, 1387, 681, 'extincteur')
(890, 670, 924, 704, 'extincteur')
(890, 671, 924, 705, 'extincteur')
(881, 769, 915, 803, 'extincteur')
(585, 772, 619, 806, 'extincteur')
(768, 855, 802, 889, 'extincteur')
(569, 889, 603, 923, 'extincteur')
(1106, 894, 1140, 928, 'extincteur')
(606, 1001, 640, 1035, 'extincteur')
(908, 1008, 942, 1042, 'extincteur')
(916, 370, 945, 399, 'incendie')
(916, 371, 945, 400, 'incendie')
(755, 534, 784, 563, 'incendie')
(754, 535, 783, 564, 'incendie')
(755, 535, 784, 564, 'incendie')
(755, 536, 784, 565, 'incendie')
(647, 550, 676, 579, 'incendie')
(648, 550, 677, 579, 'incendie')
(647, 551, 676, 580, 'incendie')
(648, 551, 677, 580, 'incendie')
(1492, 553, 1521, 582, 'incendie')
(1493, 553, 1522, 582, 'incendie')
(1492, 554, 1521, 583, 'incendie')
(1493, 554, 1522, 583, 'incendie')
(1646, 569, 1675, 598, 'incendie')
(1646, 570, 1675, 599, 'incendie')
(1647, 570, 1676, 599, 'incendie')
(1370, 576, 1399, 605, 'incendie')
(1371, 576, 1400, 605, 'incendie')
(1370, 577, 1399, 606, 'incendie')
(1371, 577, 1400, 606, 'incendie')
(618, 609, 647, 638, 'incendie')
(619, 609, 648, 638, 'incendie')
(618, 610, 647, 639, 'incendie')
(619, 610, 648, 639, 'incendie')
(1040, 617, 1069, 646, 'incendie')
(1079, 617, 1108, 646, 'incendie')
(1080, 617, 1109, 646, 'incendie')
(1040, 618, 1069, 647, 'incendie')
(1041, 618, 1070, 647, 'incendie')
(1079, 618, 1108, 647, 'incendie')
(1080, 618, 1109, 647, 'incendie')
(671, 620, 700, 649, 'incendie')
(885, 635, 914, 664, 'incendie')
(886, 635, 915, 664, 'incendie')
(886, 636, 915, 665, 'incendie')
(1224, 648, 1253, 677, 'incendie')
(1225, 648, 1254, 677, 'incendie')
(1354, 648, 1383, 677, 'incendie')
(1355, 648, 1384, 677, 'incendie')
(1224, 649, 1253, 678, 'incendie')
(1225, 649, 1254, 678, 'incendie')
(1355, 649, 1384, 678, 'incendie')
(1182, 658, 1211, 687, 'incendie')
(1181, 659, 1210, 688, 'incendie')
(1182, 659, 1211, 688, 'incendie')
(1182, 660, 1211, 689, 'incendie')
(1645, 660, 1674, 689, 'incendie')
(1645, 661, 1674, 690, 'incendie')
(1646, 661, 1675, 690, 'incendie')
(1520, 666, 1549, 695, 'incendie')
(1519, 667, 1548, 696, 'incendie')
(1520, 667, 1549, 696, 'incendie')
(1520, 668, 1549, 697, 'incendie')
(892, 671, 921, 700, 'incendie')
(891, 672, 920, 701, 'incendie')
(892, 672, 921, 701, 'incendie')
(892, 673, 921, 702, 'incendie')
(1059, 680, 1088, 709, 'incendie')
(1060, 680, 1089, 709, 'incendie')
(1059, 681, 1088, 710, 'incendie')
(1060, 681, 1089, 710, 'incendie')
(487, 727, 516, 756, 'incendie')
(488, 727, 517, 756, 'incendie')
(487, 728, 516, 757, 'incendie')
(687, 766, 716, 795, 'incendie')
(686, 767, 715, 796, 'incendie')
(687, 767, 716, 796, 'incendie')
(687, 768, 716, 797, 'incendie')
(883, 770, 912, 799, 'incendie')
(1085, 770, 1114, 799, 'incendie')
(883, 771, 912, 800, 'incendie')
(884, 771, 913, 800, 'incendie')
(1085, 771, 1114, 800, 'incendie')
(587, 773, 616, 802, 'incendie')
(587, 774, 616, 803, 'incendie')
(588, 774, 617, 803, 'incendie')
(587, 775, 616, 804, 'incendie')
(588, 775, 617, 804, 'incendie')
(549, 777, 578, 806, 'incendie')
(549, 778, 578, 807, 'incendie')
(550, 778, 579, 807, 'incendie')
(549, 779, 578, 808, 'incendie')
(774, 782, 803, 811, 'incendie')
(775, 782, 804, 811, 'incendie')
(774, 783, 803, 812, 'incendie')
(775, 783, 804, 812, 'incendie')
(1497, 795, 1526, 824, 'incendie')
(1496, 796, 1525, 825, 'incendie')
(1497, 796, 1526, 825, 'incendie')
(1498, 796, 1527, 825, 'incendie')
(1497, 797, 1526, 826, 'incendie')
(1224, 800, 1253, 829, 'incendie')
(1224, 801, 1253, 830, 'incendie')
(1225, 801, 1254, 830, 'incendie')
(1224, 802, 1253, 831, 'incendie')
(1225, 802, 1254, 831, 'incendie')
(1688, 805, 1717, 834, 'incendie')
(1689, 805, 1718, 834, 'incendie')
(470, 806, 499, 835, 'incendie')
(1688, 806, 1717, 835, 'incendie')
(1689, 806, 1718, 835, 'incendie')
(470, 807, 499, 836, 'incendie')
(1589, 814, 1618, 843, 'incendie')
(1590, 814, 1619, 843, 'incendie')
(1590, 815, 1619, 844, 'incendie')
(975, 837, 1004, 866, 'incendie')
(976, 837, 1005, 866, 'incendie')
(975, 838, 1004, 867, 'incendie')
(976, 838, 1005, 867, 'incendie')
(1354, 838, 1383, 867, 'incendie')
(734, 839, 763, 868, 'incendie')
(874, 839, 903, 868, 'incendie')
(1354, 839, 1383, 868, 'incendie')
(1355, 839, 1384, 868, 'incendie')
(734, 840, 763, 869, 'incendie')
(735, 840, 764, 869, 'incendie')
(874, 840, 903, 869, 'incendie')
(734, 841, 763, 870, 'incendie')
(769, 856, 798, 885, 'incendie')
(770, 856, 799, 885, 'incendie')
(769, 857, 798, 886, 'incendie')
(770, 857, 799, 886, 'incendie')
(783, 889, 812, 918, 'incendie')
(784, 889, 813, 918, 'incendie')
(571, 890, 600, 919, 'incendie')
(784, 890, 813, 919, 'incendie')
(571, 891, 600, 920, 'incendie')
(667, 894, 696, 923, 'incendie')
(667, 895, 696, 924, 'incendie')
(1108, 895, 1137, 924, 'incendie')
(964, 896, 993, 925, 'incendie')
(1108, 896, 1137, 925, 'incendie')
(1030, 901, 1059, 930, 'incendie')
(1031, 901, 1060, 930, 'incendie')
(1030, 902, 1059, 931, 'incendie')
(1464, 903, 1493, 932, 'incendie')
(1465, 903, 1494, 932, 'incendie')
(1399, 904, 1428, 933, 'incendie')
(1400, 904, 1429, 933, 'incendie')
(1464, 904, 1493, 933, 'incendie')
(1465, 904, 1494, 933, 'incendie')
(1399, 905, 1428, 934, 'incendie')
(1400, 905, 1429, 934, 'incendie')
(1631, 905, 1660, 934, 'incendie')
(1632, 905, 1661, 934, 'incendie')
(1632, 906, 1661, 935, 'incendie')
(798, 934, 827, 963, 'incendie')
(798, 935, 827, 964, 'incendie')
(945, 968, 974, 997, 'incendie')
(946, 968, 975, 997, 'incendie')
(945, 969, 974, 998, 'incendie')
(946, 969, 975, 998, 'incendie')
(477, 976, 506, 1005, 'incendie')
(478, 976, 507, 1005, 'incendie')
(477, 977, 506, 1006, 'incendie')
(478, 977, 507, 1006, 'incendie')
(608, 1002, 637, 1031, 'incendie')
(609, 1002, 638, 1031, 'incendie')
(608, 1003, 637, 1032, 'incendie')
(609, 1003, 638, 1032, 'incendie')
(729, 1009, 758, 1038, 'incendie')
(730, 1009, 759, 1038, 'incendie')
(910, 1009, 939, 1038, 'incendie')
(729, 1010, 758, 1039, 'incendie')
(730, 1010, 759, 1039, 'incendie')
(910, 1010, 939, 1039, 'incendie')
(914, 368, 947, 401, 'incendie')
(914, 369, 947, 402, 'incendie')
(752, 533, 785, 566, 'incendie')
(753, 533, 786, 566, 'incendie')
(1490, 551, 1523, 584, 'incendie')
(1490, 552, 1523, 585, 'incendie')
(1644, 567, 1677, 600, 'incendie')
(1644, 568, 1677, 601, 'incendie')
(1368, 574, 1401, 607, 'incendie')
(1368, 575, 1401, 608, 'incendie')
(883, 633, 916, 666, 'incendie')
(1353, 646, 1386, 679, 'incendie')
(1180, 657, 1213, 690, 'incendie')
(1643, 658, 1676, 691, 'incendie')
(1643, 659, 1676, 692, 'incendie')
(889, 670, 922, 703, 'incendie')
(890, 670, 923, 703, 'incendie')
(881, 768, 914, 801, 'incendie')
(880, 769, 913, 802, 'incendie')
(881, 769, 914, 802, 'incendie')
(585, 772, 618, 805, 'incendie')
(547, 776, 580, 809, 'incendie')
(1222, 799, 1255, 832, 'incendie')
(1587, 812, 1620, 845, 'incendie')
(1352, 837, 1385, 870, 'incendie')
(767, 855, 800, 888, 'incendie')
(768, 855, 801, 888, 'incendie')
(781, 887, 814, 920, 'incendie')
(782, 887, 815, 920, 'incendie')
(781, 888, 814, 921, 'incendie')
(782, 888, 815, 921, 'incendie')
(606, 1001, 639, 1034, 'incendie')
(908, 1008, 941, 1041, 'incendie')
(913, 331, 950, 368, 'incendie')
(912, 332, 949, 369, 'incendie')
(913, 332, 950, 369, 'incendie')
(914, 332, 951, 369, 'incendie')
(913, 333, 950, 370, 'incendie')
(914, 333, 951, 370, 'incendie')
(1000, 534, 1037, 571, 'incendie')
(1000, 535, 1037, 572, 'incendie')
(1506, 580, 1543, 617, 'incendie')
(1506, 581, 1543, 618, 'incendie')
(1507, 581, 1544, 618, 'incendie')
(1653, 600, 1690, 637, 'incendie')
(1654, 600, 1691, 637, 'incendie')
(1653, 601, 1690, 638, 'incendie')
(1654, 601, 1691, 638, 'incendie')
(1653, 602, 1690, 639, 'incendie')
(1654, 602, 1691, 639, 'incendie')
(1367, 607, 1404, 644, 'incendie')
(1368, 607, 1405, 644, 'incendie')
(1367, 608, 1404, 645, 'incendie')
(1368, 608, 1405, 645, 'incendie')
(1367, 609, 1404, 646, 'incendie')
(1368, 609, 1405, 646, 'incendie')
(916, 631, 953, 668, 'incendie')
(917, 631, 954, 668, 'incendie')
(1357, 707, 1394, 744, 'incendie')
(1358, 707, 1395, 744, 'incendie')
(1357, 708, 1394, 745, 'incendie')
(1358, 708, 1395, 745, 'incendie')
(1681, 841, 1718, 878, 'incendie')
(1682, 841, 1719, 878, 'incendie')
(1681, 842, 1718, 879, 'incendie')
(1682, 842, 1719, 879, 'incendie')
(1682, 843, 1719, 880, 'incendie')
(1535, 872, 1572, 909, 'incendie')
(1536, 872, 1573, 909, 'incendie')
(1535, 873, 1572, 910, 'incendie')
(1536, 873, 1573, 910, 'incendie')
(1141, 877, 1178, 914, 'incendie')
(1141, 878, 1178, 915, 'incendie')
(1142, 878, 1179, 915, 'incendie')
(916, 402, 944, 430, 'porte')
(916, 403, 944, 431, 'porte')
(917, 403, 945, 431, 'porte')
(916, 404, 944, 432, 'porte')
(917, 404, 945, 432, 'porte')
(1728, 764, 1756, 792, 'porte')
(1727, 765, 1755, 793, 'porte')
(1728, 765, 1756, 793, 'porte')
(1727, 766, 1755, 794, 'porte')
(1728, 766, 1756, 794, 'porte')
(852, 767, 880, 795, 'porte')
(851, 768, 879, 796, 'porte')
(852, 768, 880, 796, 'porte')
(853, 768, 881, 796, 'porte')
(852, 769, 880, 797, 'porte')
(1149, 770, 1177, 798, 'porte')
(1150, 770, 1178, 798, 'porte')
(1149, 771, 1177, 799, 'porte')
(1150, 771, 1178, 799, 'porte')
(1307, 771, 1335, 799, 'porte')
(1308, 771, 1336, 799, 'porte')
(1149, 772, 1177, 800, 'porte')
(1307, 772, 1335, 800, 'porte')
(1308, 772, 1336, 800, 'porte')
(1307, 773, 1335, 801, 'porte')
(1308, 773, 1336, 801, 'porte')
(1017, 782, 1045, 810, 'porte')
(1018, 782, 1046, 810, 'porte')
(1017, 783, 1045, 811, 'porte')
(1018, 783, 1046, 811, 'porte')
(1018, 784, 1046, 812, 'porte')
(914, 400, 946, 432, 'porte')
(915, 400, 947, 432, 'porte')
(914, 401, 946, 433, 'porte')
(915, 401, 947, 433, 'porte')
(1726, 762, 1758, 794, 'porte')
(1727, 762, 1759, 794, 'porte')
(1726, 763, 1758, 795, 'porte')
(1727, 763, 1759, 795, 'porte')
(850, 765, 882, 797, 'porte')
(851, 765, 883, 797, 'porte')
(851, 766, 883, 798, 'porte')
(1148, 767, 1180, 799, 'porte')
(1147, 768, 1179, 800, 'porte')
(1148, 768, 1180, 800, 'porte')
(1306, 768, 1338, 800, 'porte')
(1148, 769, 1180, 801, 'porte')
(1306, 769, 1338, 801, 'porte')
(1307, 769, 1339, 801, 'porte')
(1306, 770, 1338, 802, 'porte')
(1016, 779, 1048, 811, 'porte')
(1017, 779, 1049, 811, 'porte')
(1016, 780, 1048, 812, 'porte')
(1017, 780, 1049, 812, 'porte')
(914, 400, 947, 433, 'porte')
(915, 400, 948, 433, 'porte')
(914, 401, 947, 434, 'porte')
(915, 401, 948, 434, 'porte')
(1726, 762, 1759, 795, 'porte')
(1727, 762, 1760, 795, 'porte')
(1726, 763, 1759, 796, 'porte')
(1727, 763, 1760, 796, 'porte')
(851, 765, 884, 798, 'porte')
(851, 766, 884, 799, 'porte')
(1148, 767, 1181, 800, 'porte')
(1148, 768, 1181, 801, 'porte')
(1149, 768, 1182, 801, 'porte')
(1148, 769, 1181, 802, 'porte')
(1306, 769, 1339, 802, 'porte')
(1307, 769, 1340, 802, 'porte')
(1306, 770, 1339, 803, 'porte')
(1307, 770, 1340, 803, 'porte')
(1017, 779, 1050, 812, 'porte')
(1016, 780, 1049, 813, 'porte')
(1017, 780, 1050, 813, 'porte')
(1017, 781, 1050, 814, 'porte')
(1125, 353, 1182, 380, 'BT')
(1125, 354, 1182, 381, 'BT')
(1125, 383, 1182, 410, 'BT')
(1108, 543, 1165, 570, 'BT')
(1109, 543, 1166, 570, 'BT')
(585, 556, 642, 583, 'BT')
(585, 557, 642, 584, 'BT')
(1036, 589, 1093, 616, 'BT')
(1037, 589, 1094, 616, 'BT')
(1036, 590, 1093, 617, 'BT')
(1037, 590, 1094, 617, 'BT')
(1217, 679, 1274, 706, 'BT')
(1218, 679, 1275, 706, 'BT')
(1217, 680, 1274, 707, 'BT')
(1218, 680, 1275, 707, 'BT')
(1512, 697, 1569, 724, 'BT')
(1513, 697, 1570, 724, 'BT')
(1512, 698, 1569, 725, 'BT')
(1513, 698, 1570, 725, 'BT')
(1053, 710, 1110, 737, 'BT')
(1052, 711, 1109, 738, 'BT')
(1053, 711, 1110, 738, 'BT')
(1052, 712, 1109, 739, 'BT')
(1053, 712, 1110, 739, 'BT')
(1339, 779, 1396, 806, 'BT')
(1338, 780, 1395, 807, 'BT')
(1339, 780, 1396, 807, 'BT')
(1093, 936, 1150, 963, 'BT')
(1093, 937, 1150, 964, 'BT')
(977, 970, 1034, 997, 'BT')
(978, 970, 1035, 997, 'BT')
(1440, 970, 1497, 997, 'BT')
(1441, 970, 1498, 997, 'BT')
(1440, 971, 1497, 998, 'BT')
(595, 974, 652, 1001, 'BT')
(594, 975, 651, 1002, 'BT')
(595, 975, 652, 1002, 'BT')
(1594, 1002, 1651, 1029, 'BT')
(1593, 1003, 1650, 1030, 'BT')
(1594, 1003, 1651, 1030, 'BT')
(1595, 1003, 1652, 1030, 'BT')
(1594, 1004, 1651, 1031, 'BT')
(1120, 350, 1186, 383, 'BT')
(1121, 350, 1187, 383, 'BT')
(1120, 351, 1186, 384, 'BT')
(1121, 351, 1187, 384, 'BT')
(1120, 380, 1186, 413, 'BT')
(1121, 380, 1187, 413, 'BT')
(1120, 381, 1186, 414, 'BT')
(1104, 540, 1170, 573, 'BT')
(1105, 540, 1171, 573, 'BT')
(1104, 541, 1170, 574, 'BT')
(1088, 933, 1154, 966, 'BT')
(1089, 933, 1155, 966, 'BT')
(1088, 934, 1154, 967, 'BT')
(1089, 934, 1155, 967, 'BT')
(1436, 967, 1502, 1000, 'BT')
(1435, 968, 1501, 1001, 'BT')
(1436, 968, 1502, 1001, 'BT')
(590, 972, 656, 1005, 'BT')
(1133, 353, 1163, 381, 'BT')
(1133, 354, 1163, 382, 'BT')
(1133, 383, 1163, 411, 'BT')
(1116, 543, 1146, 571, 'BT')
(1117, 543, 1147, 571, 'BT')
(593, 557, 623, 585, 'BT')
(1044, 590, 1074, 618, 'BT')
(1061, 711, 1091, 739, 'BT')
(583, 723, 613, 751, 'BT')
(584, 723, 614, 751, 'BT')
(1101, 936, 1131, 964, 'BT')
(1101, 937, 1131, 965, 'BT')
(985, 970, 1015, 998, 'BT')
(986, 970, 1016, 998, 'BT')
(1448, 970, 1478, 998, 'BT')
(1448, 971, 1478, 999, 'BT')
(1449, 971, 1479, 999, 'BT')
(602, 975, 632, 1003, 'BT')
(603, 975, 633, 1003, 'BT')
(1602, 1003, 1632, 1031, 'BT')
(1134, 355, 1159, 377, 'BT')
(1135, 355, 1160, 377, 'BT')
(1134, 356, 1159, 378, 'BT')
(1135, 356, 1160, 378, 'BT')
(1118, 544, 1143, 566, 'BT')
(1118, 545, 1143, 567, 'BT')
(1119, 545, 1144, 567, 'BT')
(594, 558, 619, 580, 'BT')
(595, 558, 620, 580, 'BT')
(594, 559, 619, 581, 'BT')
(595, 559, 620, 581, 'BT')
(1046, 591, 1071, 613, 'BT')
(1046, 592, 1071, 614, 'BT')
(1227, 680, 1252, 702, 'BT')
(1226, 681, 1251, 703, 'BT')
(1227, 681, 1252, 703, 'BT')
(1522, 699, 1547, 721, 'BT')
(1522, 700, 1547, 722, 'BT')
(1062, 712, 1087, 734, 'BT')
(1062, 713, 1087, 735, 'BT')
(585, 724, 610, 746, 'BT')
(585, 725, 610, 747, 'BT')
(1024, 741, 1049, 763, 'BT')
(1024, 742, 1049, 764, 'BT')
(731, 779, 756, 801, 'BT')
(731, 780, 756, 802, 'BT')
(1348, 781, 1373, 803, 'BT')
(1349, 781, 1374, 803, 'BT')
(1348, 782, 1373, 804, 'BT')
(1102, 938, 1127, 960, 'BT')
(1103, 938, 1128, 960, 'BT')
(1102, 939, 1127, 961, 'BT')
(1103, 939, 1128, 961, 'BT')
(987, 971, 1012, 993, 'BT')
(987, 972, 1012, 994, 'BT')
(1450, 972, 1475, 994, 'BT')
(987, 973, 1012, 995, 'BT')
(1450, 973, 1475, 995, 'BT')
(604, 976, 629, 998, 'BT')
(604, 977, 629, 999, 'BT')
(1603, 1004, 1628, 1026, 'BT')
(1604, 1004, 1629, 1026, 'BT')
(1603, 1005, 1628, 1027, 'BT')
(1604, 1005, 1629, 1027, 'BT')
(1123, 349, 1183, 381, 'BT')
(1124, 349, 1184, 381, 'BT')
(1123, 350, 1183, 382, 'BT')
(1123, 379, 1183, 411, 'BT')
(1107, 538, 1167, 570, 'BT')
(1106, 539, 1166, 571, 'BT')
(1107, 539, 1167, 571, 'BT')
(1108, 539, 1168, 571, 'BT')
(583, 552, 643, 584, 'BT')
(583, 553, 643, 585, 'BT')
(1091, 932, 1151, 964, 'BT')
(1092, 932, 1152, 964, 'BT')
(1091, 933, 1151, 965, 'BT')
(1438, 967, 1498, 999, 'BT')
