1674;1174;1585;1174
3240;684;3296;684
2685;1344;2698;1345
3060;1344;3073;1345
3639;354;3639;383
2139;90;2139;103
2769;1250;2769;1060
1154;2119;690;2110
1564;984;1564;993
325;334;398;334
553;609;513;609
2770;2149;3469;2164
3219;1354;3219;1270
3219;1258;3219;1084
689;2109;410;2104
3639;993;3639;1024
1993;2153;1106;2134
1601;2124;2488;2143
2434;90;2434;103
899;1360;899;1373
3324;1134;3324;1173
310;1174;320;1174
1560;1349;1520;1349
3649;250;3649;393
380;2114;1266;2133
3446;2168;2561;2149
26;2107;379;2114
3618;185;3619;85
2720;2164;3606;2183
1105;2134;170;2114
3396;2183;2510;2164
1280;2118;1599;2124
2205;2153;2719;2164
2114;103;2114;90
2508;2164;1994;2153
419;833;419;825
169;2114;26;2111
2490;2144;2769;2149
1576;2128;1156;2119
2409;103;2409;90
314;381;314;168
1719;643;1719;499
1765;144;1933;144
1983;1269;1854;1269
2424;1293;2424;1256
2511;2148;1626;2129
2975;384;2945;384
694;679;753;679
1954;9;1745;9
529;135;529;453
3359;1346;3370;1343
2843;119;2793;119
1584;965;1584;1023
889;1256;889;1363
724;373;724;364
666;2104;1274;2117
2884;790;2884;868
1268;2133;2203;2153
1261;1359;1024;1359
454;1070;454;961
579;1681;579;1373
748;1354;648;1354
1555;1359;1293;1359
529;1256;529;1341
2779;298;2778;471
204;1693;204;2094
2464;291;2464;90
194;2093;194;1693
3606;864;3385;864
69;1701;69;2091
454;1583;454;1451
54;694;54;856
2138;684;2410;684
3344;1121;3344;1094
54;1513;54;2094
3649;1706;3649;2009
1993;1069;2416;1069
324;1503;324;1583
3634;1376;3634;2011
3629;2008;3629;1701
324;189;324;333
749;101;749;88
1279;1708;1279;2116
314;1591;314;1513
754;88;754;104
534;618;534;688
2689;871;2689;994
329;941;329;891
3649;1000;3649;1686
3214;1091;3214;1354
624;2103;624;1704
1839;1023;1839;1150
3649;91;3649;230
3629;1675;3629;1376
1279;1376;1279;1674
2844;876;2844;1060
1159;943;1159;1019
54;521;54;616
2414;1250;2414;1179
454;1305;454;1256
3209;1351;3209;1094
1834;1354;1834;1256
453;699;311;699
529;751;529;1011
1289;88;1289;104
744;106;744;353
3384;700;3384;851
3294;1094;3294;1121
2424;1250;2424;1181
2779;478;2779;534
54;156;54;379
3094;479;3094;533
3354;1094;3354;1121
3165;84;3148;84
2314;694;2314;1061
3374;1121;3374;1094
3374;673;3374;639
3064;878;3064;996
3059;996;3059;876
3294;1140;3294;1158
764;1305;764;1360
3094;361;3094;470
2774;864;2774;701
324;1024;324;1070
524;459;524;141
314;1076;314;994
1859;861;1859;703
54;1256;54;1370
454;798;454;700
3384;1084;3384;1166
1269;88;1269;100
3314;1158;3314;1139
1279;88;1279;100
2774;998;2774;879
1984;791;1984;861
2424;1148;2424;1064
3649;426;3649;471
3649;559;3649;691
899;1131;899;1250
3284;1254;3284;1094
989;998;989;1021
3646;244;3671;244
2839;1056;2839;879
2779;90;2779;124
2414;1345;2414;1256
1419;1243;1419;960
3384;865;3385;1023
2779;126;2779;168
54;999;54;1250
389;611;389;593
392;593;395;612
3371;864;3221;864
2769;1351;2769;1256
618;1354;530;1354
1859;996;1859;869
3374;1176;3374;1134
3064;236;3064;323
3649;478;3649;539
1984;869;1984;1056
3224;1273;3224;1351
399;1439;453;1439
1834;1250;1834;1191
2734;231;2734;296
644;1016;644;1001
3649;698;3649;855
3081;1004;3135;1004
664;1166;664;1250
3369;379;3351;379
2949;361;2949;376
529;1106;529;1250
3143;1004;3211;1004
2779;208;2779;229
744;384;744;471
2689;1024;2689;1013
3394;161;3394;148
3399;148;3399;161
2869;701;2869;776
3059;320;3059;240
454;1156;454;1083
454;948;454;935
314;1163;314;1089
324;1083;324;1156
2429;379;2429;358
1584;88;1584;104
2119;90;2119;100
2134;100;2134;90
1159;1026;1159;1066
1835;1169;1835;1023
3399;171;3399;186
234;634;258;634
1144;990;1144;926
3624;88;3624;159
454;1438;454;1410
3409;144;3409;84
899;1256;899;1280
2889;808;2889;790
3634;159;3634;88
2894;790;2894;808
3639;81;3639;184
806;1304;765;1304
2414;1150;2414;1074
654;1349;666;1349
3059;361;3059;333
3634;380;3634;356
3064;330;3064;359
744;478;744;511
3064;195;3064;230
3649;2029;3649;2166
2429;100;2429;90
3059;226;3059;195
2433;684;2688;684
2949;88;2949;100
454;1396;454;1318
809;1256;809;1301
3191;84;3175;84
454;1250;454;1180
764;1256;764;1298
699;1159;699;1104
704;1106;704;1161
3399;644;3381;644
3294;1176;3294;1254
991;1359;968;1359
616;994;649;994
926;1359;900;1359
3639;1345;3639;1374
529;1355;529;1368
1509;1349;1434;1349
3219;84;3201;84
3438;661;3441;644
3631;1179;3441;1179
319;361;319;376
453;1409;399;1409
529;701;529;721
3246;84;3229;84
3351;994;3371;994
2779;239;2743;239
2699;100;2699;90
3058;239;2859;239
3251;239;3071;239
3394;136;3394;123
3399;123;3399;136
1564;999;1564;1020
3639;64;3639;75
3273;84;3256;84
3494;626;3494;614
349;168;349;186
1864;859;1979;859
1564;88;1564;100
3218;1004;3349;1004
765;1299;804;1299
239;655;239;663
3394;188;3394;173
1854;1264;1979;1264
300;699;66;699
1046;1064;1154;1064
3429;1179;3376;1179
2946;1124;3051;1124
1279;1360;1279;1370
3629;2172;3446;2168
451;919;399;919
550;464;513;464
3379;1016;3379;1001
3399;674;3375;674
3300;84;3283;84
3650;2168;3671;2169
2124;703;2124;714
1279;1681;1279;1700
2129;714;2129;703
308;434;279;434
2869;1376;2869;1368
494;186;494;168
3629;1694;3629;1681
1595;1349;1584;1349
64;1679;64;1694
3021;194;3004;194
256;654;240;654
3631;699;3576;699
3048;194;3031;194
1149;1051;1149;1036
3101;194;3085;194
3546;699;3385;699
3634;181;3634;166
3129;194;3111;194
530;1369;566;1369
321;1369;341;1369
584;1679;621;1679
468;1679;566;1679
1674;1349;1626;1349
3371;699;3299;699
3156;194;3139;194
3671;2189;3396;2183
3183;194;3166;194
286;1164;313;1164
68;1164;274;1164
3236;194;3220;194
3326;84;3310;84
681;524;561;524
3394;111;3394;98
3608;2183;3671;2185
3264;194;3246;194
2711;999;2773;999
314;1676;314;1604
66;1674;83;1674
3290;194;3274;194
745;524;734;524
49;219;26;219
454;1670;454;1596
324;1596;324;1670
2698;994;2709;994
3318;194;3301;194
1784;1174;1743;1174
2989;699;2978;699
420;824;449;824
3344;194;3328;194
3574;626;3574;615
3371;194;3355;194
343;824;379;824
3396;194;3381;194
2776;1004;2711;1004
311;824;331;824
756;689;910;689
3354;84;3336;84
559;689;570;689
535;689;551;689
453;1179;311;1179
643;679;681;679
2953;789;2895;789
2879;789;2793;789
3381;84;3364;84
1565;994;1579;994
436;1584;453;1584
399;1584;424;1584
325;1584;386;1584
465;609;441;609
1559;1174;1519;1174
504;609;471;609
3030;84;3014;84
3671;249;3650;249
3229;459;3251;459
3056;84;3040;84
3084;84;3068;84
3111;84;3094;84
3138;84;3121;84
1674;1359;1626;1359
1595;1359;1588;1359
1869;684;2115;684
3646;69;3671;69
3609;69;3633;69
419;1315;419;1308
3646;554;3656;554
879;1139;769;1139
3089;364;3061;364
2941;364;2859;364
3634;68;3634;59
240;664;258;664
491;154;111;154
2559;291;2559;299
2793;114;2840;114
111;149;490;149
3065;1089;3211;1089
140;614;174;613
175;614;204;614
530;454;559;454
399;949;453;949
3308;614;3330;614
1835;2009;1869;2009
1834;2030;1834;2010
3671;2014;3646;2014
70;2092;193;2094
408;2103;66;2096
205;2095;618;2103
641;2104;665;2104
1625;2129;1576;2129
2560;2149;2511;2149
1723;496;1723;645
3541;558;3524;558
3455;675;3444;670
2849;1356;2849;1136
3069;234;3254;234
2967;1180;2976;1214
659;1323;653;1348
2951;1214;2960;1181
666;1291;662;1313
3264;480;3229;534
2984;1180;2990;1178
394;338;323;338
3127;803;3155;773
689;678;689;649
1820;1358;1808;1359
1154;1029;1129;1029
3430;672;3417;676
1972;1702;1967;1690
667;1348;661;1322
801;1178;811;1212
3234;522;3258;478
277;632;288;635
1588;944;1807;708
326;665;314;671
3509;559;3499;557
548;694;533;693
271;569;313;569
2996;1181;3000;1190
653;1272;660;1300
786;1213;795;1179
661;1299;668;1271
1967;1689;1972;1678
663;1313;666;1329
3426;661;3406;654
3007;1184;3018;1178
633;1348;624;1352
1151;1014;1126;1014
128;558;66;558
853;1215;842;1209
906;694;754;694
2423;1344;2426;1337
2982;1214;2978;1205
860;1210;853;1214
3004;81;3003;90
3440;1174;3631;1174
314;568;314;548
641;1351;633;1348
727;370;733;378
3001;1207;2995;1216
286;657;266;650
2983;1191;3000;1198
2999;1199;3000;1207
335;794;306;794
623;1704;616;1691
1000;1707;992;1693
1731;1693;1724;1705
2983;1203;2985;1211
3081;1695;3071;1707
3360;1705;3352;1695
738;381;748;374
997;1373;991;1359
2436;1363;2675;1363
3645;234;3645;89
1980;1354;1980;1278
1953;150;1953;386
1275;1674;1275;1376
583;1376;583;1678
1853;1278;1853;1354
3428;540;3428;483
573;1366;573;1681
568;1678;568;1381
1695;1256;1695;1354
458;1591;458;1673
2311;1063;1986;1063
2310;1055;2310;698
2318;1061;2318;694
50;2090;50;1515
3645;1691;3645;998
1675;1341;1675;1256
2775;530;2775;478
2141;1363;2406;1363
3630;478;3630;540
50;1205;50;1001
1103;1243;1103;1069
518;796;518;753
3645;540;3645;478
60;1025;60;993
2858;365;2858;471
885;1360;885;1256
805;1298;805;1256
525;1015;525;751
760;1363;760;1256
80;1021;80;998
85;994;85;1024
3220;865;3220;995
2853;471;2853;361
313;1603;286;1603
753;1256;753;1363
388;1070;388;910
275;1163;275;1080
1108;1069;1108;1243
3213;800;3213;998
518;733;518;618
3208;995;3208;801
398;961;398;1015
1425;960;1425;1243
285;1089;285;1163
1843;1151;1843;1080
3380;854;3380;700
458;956;458;1074
2408;471;2408;341
2778;698;2778;868
645;1341;645;1256
733;353;733;106
525;1346;525;1256
2435;331;2435;385
458;1080;458;1250
183;531;183;478
193;478;193;531
3090;530;3090;478
516;1250;517;1098
525;1250;525;1103
573;1161;573;1106
578;1104;578;1159
2853;533;2853;478
525;724;525;698
2858;478;2858;530
3478;1070;3478;1019
1580;1020;1580;999
585;1098;585;1151
1980;1069;1980;873
3145;803;3145;995
3133;995;3133;818
3488;1029;3488;1071
458;696;458;798
1093;1243;1093;1069
1560;1024;1560;991
50;854;50;698
3133;1076;3133;1009
1863;873;1863;996
571;83;1689;83
1863;703;1863;858
3645;858;3645;555
458;1256;458;1309
398;1029;398;1070
1980;1250;1980;1084
1985;1080;1985;1250
1995;1074;1995;1250
1980;858;1980;790
2418;1071;2418;1148
50;376;50;220
1996;1363;2111;1363
2775;471;2775;303
50;1368;50;1256
453;1595;325;1595
518;1021;518;934
2430;1059;2430;1151
1750;291;1750;461
2853;355;2853;236
2858;240;2858;351
1985;1275;1985;1370
2773;1064;2773;1123
3440;1180;3440;1350
2968;351;2968;323
193;384;193;471
1675;1373;1675;1360
2978;333;2978;381
183;471;183;374
1275;1370;1275;1360
3430;1350;3430;1266
3063;1124;3063;1091
3068;1094;3068;1124
895;1370;895;1346
3225;1094;3225;1254
525;1371;525;1351
1843;1073;1843;1021
693;648;693;678
458;1314;458;1401
1715;499;1715;643
425;1070;425;1029
3390;1269;3390;1354
320;1351;320;1368
85;1346;85;1374
80;1371;80;1349
60;1376;60;1344
435;1020;435;1070
2685;1010;2685;866
2778;875;2778;1001
2773;1256;2773;1355
2430;1256;2430;1346
2418;1256;2418;1343
1995;1256;1995;1351
320;1001;320;1016
458;1446;458;1588
1016;1367;1018;1358
1115;1014;1115;1056
2420;386;2420;471
2880;864;2880;790
3630;241;3630;351
3645;395;3645;246
3003;175;3003;190
2998;190;2998;175
2858;88;2858;226
2853;230;2853;85
1750;156;1750;243
1131;1025;1156;1025
3428;606;3428;561
3220;796;3220;851
435;1534;435;1583
425;1583;425;1543
398;1543;398;1583
388;1583;388;1400
885;1236;885;1144
3630;391;3630;471
2468;90;2468;286
317;188;318;354
339;345;326;345
389;345;351;345
400;336;400;370
1560;104;1560;88
642;1365;643;1358
2420;478;2420;530
2775;166;2775;90
2408;530;2408;478
3090;471;3090;365
2998;140;2998;126
3003;126;3003;140
763;1144;763;1236
693;538;693;610
683;615;683;525
645;1250;645;1166
398;920;398;948
3380;993;3380;861
1148;931;1148;990
1155;988;1155;943
3645;471;3645;406
3413;84;3413;146
473;533;473;604
463;604;463;531
2693;999;2693;1020
733;471;733;384
278;1168;66;1168
2776;870;2690;870
2881;870;2793;870
333;891;333;941
2730;299;2730;228
2738;291;2738;236
233;669;233;635
50;214;50;156
2028;696;2028;756
683;678;683;653
50;616;50;524
3630;188;3630;216
260;559;260;621
270;574;270;611
530;631;530;614
1580;993;1580;961
398;1451;398;1531
440;605;461;605
474;605;500;605
513;605;550;605
1265;104;1265;88
1000;1026;1000;1051
2963;776;2963;701
530;694;530;675
318;546;318;571
895;1280;895;1256
315;1361;315;1349
2865;779;2865;698
3447;646;3445;658
308;561;308;546
1010;88;1010;104
281;558;271;558
985;103;985;88
255;558;181;557
3543;628;3495;628
174;557;128;558
2793;785;2953;785
2413;358;2413;379
3613;1016;3613;981
1835;1003;1835;1016
1863;1016;1863;1003
1868;1000;1868;1019
313;993;85;993
983;1011;983;991
3073;1128;3073;1253
3058;1236;3058;1145
458;935;458;951
3220;1009;3220;1076
2773;1173;2773;1250
3213;1006;3213;1076
1853;1154;1853;1250
3208;1076;3208;1009
316;1168;283;1168
453;1450;399;1450
644;1165;576;1165
2945;105;2945;88
733;511;733;478
2943;381;2943;365
1125;1036;1125;1051
2686;865;2773;865
3368;569;3368;546
2693;681;2693;700
1580;100;1580;88
2775;226;2775;208
1285;100;1285;88
1275;100;1275;88
2678;103;2678;90
3488;1135;3488;1166
2413;1073;1996;1073
3478;1166;3478;1135
60;185;60;161
80;168;80;185
3145;1009;3145;1076
2415;684;2415;696
990;88;990;100
2133;696;2133;684
2120;684;2120;696
615;1011;615;996
2793;865;2879;865
1863;696;1863;684
1835;684;1835;696
2430;1179;2430;1250
650;995;650;1011
3523;1028;3489;1028
621;1018;643;1018
3633;165;3623;165
350;346;350;370
2413;90;2413;100
733;525;733;536
1674;1183;1523;1183
85;354;85;383
80;380;80;356
60;385;60;353
3630;356;3630;380
2683;90;2683;100
3430;1254;3430;1180
204;623;181;623
176;623;99;623
1854;1273;1983;1273
2838;878;2793;878
283;546;283;556
3651;548;3636;548
511;165;501;165
2418;1181;2418;1250
500;166;500;181
2773;878;2698;878
3636;58;3671;58
3055;1003;3055;1016
3080;1009;3080;1020
3631;1028;3595;1028
2855;83;2996;83
321;1018;341;1018
1854;1355;1979;1355
1696;1355;1833;1355
3296;688;3245;688
1626;1355;1674;1355
1586;1355;1595;1355
1023;1355;1556;1355
2469;288;2556;288
390;908;451;908
340;354;340;346
390;370;390;346
3350;1023;3350;1009
3131;1008;3081;1008
2859;688;2948;688
1675;1250;1675;1184
2000;70;2000;80
3350;375;3263;375
3206;1008;3146;1008
900;1355;993;1355
2766;688;2781;688
3349;1008;3221;1008
2711;688;2726;688
2845;84;2845;116
2743;288;2779;288
2688;688;2433;688
3458;643;3450;643
3380;659;3380;666
345;1023;325;1023
316;573;271;573
2410;688;2138;688
1158;1068;1109;1068
2703;90;2703;103
1091;1068;1046;1068
2115;688;1869;688
758;1098;758;1129
3385;1168;3476;1168
3525;1019;3525;1026
3645;2013;3645;1696
3256;463;3233;463
3380;1173;3380;1088
2980;1191;2981;1184
3003;150;3003;165
2998;165;2998;150
1126;1053;1148;1053
3383;1025;3351;1025
2710;1013;2710;1024
320;168;320;181
3618;993;3631;993
3225;1353;3353;1353
1985;1256;1985;1266
3080;1353;3208;1353
2850;1353;3051;1353
297;656;300;639
1985;1064;1985;1073
3489;1168;3631;1168
3433;660;3432;669
1581;1178;1674;1178
1520;1178;1561;1178
753;364;752;378
2705;1353;2768;1353
2561;1353;2676;1353
2436;1353;2550;1353
661;1160;698;1160
348;163;494;163
2141;1353;2408;1353
759;1130;778;1130
81;163;314;163
1996;1353;2113;1353
830;1130;863;1130
1001;1053;1110;1053
3260;370;3350;370
868;1130;880;1130
579;1160;648;1160
884;1130;898;1130
2923;1130;2944;1130
3218;1083;3058;1083
2793;1058;2838;1058
458;520;501;520
309;633;319;633
1833;678;1846;678
1851;678;1865;678
2771;1058;2786;1058
3003;100;3003;115
317;1024;317;1080
1588;1170;1833;1170
3625;160;3633;160
58;983;345;983
320;1173;320;1080
1581;1025;1561;1025
846;1188;845;1200
2764;160;2740;160
665;1260;673;1260
2413;353;2430;353
3370;545;3405;545
2859;353;2966;353
3071;353;3099;353
839;1199;842;1182
3631;1348;3621;1348
1695;1191;1695;1250
1274;930;1149;930
240;648;256;648
79;1348;66;1348
1979;1083;1848;1083
1438;930;1280;930
3396;658;3381;658
3671;73;3650;73
3633;73;3613;73
896;1345;904;1345
318;160;345;160
3004;1200;3007;1185
3011;1189;3010;1201
61;160;79;160
2998;115;2998;101
3295;1255;3429;1255
3226;1255;3283;1255
325;1158;453;1158
1746;18;1951;18
3310;1133;3296;1133
3373;1133;3325;1133
1579;998;1565;998
3619;1343;3631;1343
453;960;399;960
1626;1343;1674;1343
1523;1343;1595;1343
3208;1093;3069;1093
326;355;339;355
1434;1343;1505;1343
676;1343;746;1343
3636;985;3618;985
530;1343;644;1343
303;790;340;790
1009;105;986;105
66;1343;81;1343
1274;105;1266;105
1288;105;1280;105
1583;105;1561;105
2135;723;2118;723
258;640;240;640
2136;105;2116;105
3505;485;3491;485
3458;485;3433;485
2431;105;2411;105
2701;105;2680;105
3356;1018;3378;1018
1831;998;1850;998
2705;998;2694;998
3381;668;3399;668
1523;1170;1556;1170
3283;1093;3226;1093
65;685;83;685
50;1250;50;1211
3218;860;3374;860
2969;1208;2958;1208
1280;925;1441;925
2410;535;2086;535
2778;535;2416;535
3091;535;2855;535
3381;860;3606;860
49;1210;26;1210
3671;63;3640;63
1146;925;1274;925
2745;155;2759;155
3343;1093;3295;1093
331;800;311;800
668;1329;668;1291
65;2094;65;1701
1275;2116;1275;1708
640;1705;640;2103
630;1706;630;2103
2423;1063;2320;1063
2414;380;2428;380
75;613;99;613
379;835;304;835
701;1165;665;1165
3659;558;3650;558
3631;558;3573;558
271;613;388;613
443;613;506;613
531;613;556;613
2116;680;2136;680
458;1406;458;1443
449;835;421;835
3493;558;3443;558
3373;1093;3355;1093
3420;558;3385;558
2554;293;2465;293
398;1410;398;1438
3296;1165;3310;1165
280;423;308;423
258;670;234;670
2779;293;2740;293
500;423;458;423
2939;1241;3054;1241
3375;638;3399;638
2773;700;2711;700
2961;700;2870;700
2411;680;2431;680
3349;1000;3218;1000
2706;680;2785;680
771;1240;879;1240
3211;1000;3143;1000
1011;1013;1114;1013
3623;628;3575;628
3135;1000;3081;1000
3381;190;3398;190
3355;190;3371;190
3328;190;3344;190
3301;190;3318;190
3274;190;3290;190
3246;190;3263;190
3220;190;3236;190
517;1373;517;1256
3368;682;3545;682
3193;190;3210;190
3166;190;3183;190
3139;190;3156;190
3111;190;3129;190
3085;190;3101;190
3058;190;3075;190
3031;190;3048;190
3004;190;3021;190
745;513;754;513
561;513;731;513
1936;148;1761;148
346;188;325;188
516;188;495;188
2921;1140;2850;1140
3053;1140;2941;1140
341;360;320;360
390;1398;453;1398
1983;863;1861;863
2786;1063;2774;1063
2841;1063;2793;1063
2859;228;3058;228
3333;613;3424;613
3495;613;3506;613
3524;613;3543;613
3575;613;3623;613
226;383;194;383
3361;628;3311;628
424;1028;399;1028
2739;235;2779;235
313;1088;286;1088
1861;683;1851;683
1846;683;1836;683
2906;1378;2871;1378
886;1365;829;1365
778;1365;761;1365
751;1365;648;1365
2971;360;2950;360
618;1365;574;1365
3071;228;3195;228
1994;1375;1676;1375
3206;228;3260;228
26;215;49;215
1848;1070;1979;1070
3628;1700;3620;1700
83;385;66;385
344;1700;318;1700
276;1078;313;1078
81;1700;70;1700
85;683;456;683
896;1375;828;1375
778;1375;584;1375
1275;1700;1275;1681
2709;1025;2690;1025
60;1698;60;1675
308;540;66;540
321;1695;341;1695
65;1695;79;1695
2908;1368;2908;1376
3618;1698;3618;1679
2705;1686;2705;1698
3671;1693;3646;1693
3353;1694;3353;1686
3080;1686;3080;1694
1998;1688;1997;1698
642;1696;643;1688
566;1373;526;1373
1973;1685;1973;1694
1729;1684;1730;1693
1704;1688;1707;1698
1016;1698;1018;1688
992;1693;995;1681
345;1373;303;1373
320;1678;320;1694
80;1694;80;1679
3378;1692;3377;1685
3056;1685;3055;1692
2681;1685;2680;1692
646;1682;648;1692
3650;1688;3671;1688
619;1683;581;1683
571;1683;468;1683
3650;2010;3671;2010
1865;2013;1839;2013
1870;2010;1870;2030
458;1678;457;1687
314;1683;284;1683
1838;2014;1838;2025
2680;2023;2680;2013
3055;2023;3055;2013
3377;2013;3378;2023
278;1683;85;1683
3646;2023;3671;2023
3645;2171;3645;2025
3671;2028;3650;2028
2130;2030;2121;2029
2425;2030;2416;2029
2695;2030;2685;2029
3069;2030;3060;2030
3371;2030;3364;2030
965;1370;929;1370
286;1678;313;1678
85;1678;275;1678
51;2096;26;2095
3364;80;3381;80
3336;80;3354;80
3310;80;3326;80
3283;80;3300;80
3256;80;3273;80
3229;80;3246;80
3201;80;3219;80
3175;80;3191;80
3148;80;3165;80
3121;80;3138;80
3094;80;3111;80
3066;80;3084;80
3040;80;3056;80
3014;80;3030;80
79;1678;65;1678
3364;1674;3375;1676
3063;1674;3073;1676
2688;1675;2698;1676
2418;1674;2429;1676
2123;1675;2134;1676
1980;1674;1992;1676
1713;1674;1723;1676
1568;1675;1579;1676
1004;1675;1014;1676
629;1675;639;1676
3383;1363;3616;1363
3081;1363;3351;1363
1741;5;1956;5
2835;1363;3050;1363
3470;2165;3626;2168
3671;2173;3646;2173
2706;1363;2785;1363
831;1214;825;1215
3242;696;3238;686
313;671;300;665
3417;675;3408;671
265;638;277;632
831;1178;835;1187
2698;1676;2706;1686
3210;509;3103;512
272;644;293;652
731;360;727;369
508;611;508;479
3096;358;3070;357
3287;1090;3287;1255
317;1509;317;1595
320;1671;320;1593
3065;360;3091;360
2023;755;2023;696
469;606;469;529
2856;234;3060;234
1948;386;1948;156
394;1534;394;1448
2020;696;2020;751
64;989;315;989
1945;158;1945;389
281;1084;315;1084
3484;1066;3484;1025
1983;1075;1845;1075
1845;1078;1983;1078
394;1586;394;1540
455;419;504;419
689;610;689;535
3484;1173;3484;1138
396;914;450;914
464;1363;464;1408
394;1074;394;1026
2682;1353;2679;1360
721;524;694;524
306;830;376;830
394;950;394;916
394;1019;394;958
3316;1169;3291;1169
66;543;280;543
2974;354;2974;329
2793;873;2841;873
3479;1172;3383;1172
2695;873;2776;873
508;460;523;460
450;825;450;834
317;1086;317;1166
394;1441;394;1408
831;1200;815;1193
323;1078;455;1078
323;1590;455;1590
3206;502;3225;479
751;517;559;517
1716;1679;1707;1682
2690;1678;2681;1685
3065;1678;3056;1685
1994;1691;1989;1680
2962;1188;2959;1201
3368;1679;3360;1682
642;1684;633;1678
1989;1681;1983;1679
3394;579;3333;612
755;1124;755;1098
2137;2013;2138;2020
2950;681;3014;681
556;457;530;457
2971;1215;2970;1209
3077;1372;3066;1376
3367;1376;3356;1372
288;669;276;672
802;1198;799;1185
658;1310;653;1289
3417;636;3428;639
3468;669;3456;674
653;1331;657;1311
2967;1200;2964;1188
200;2094;200;1693
3377;1090;3377;1124
197;1693;197;2094
3290;1168;3290;1130
530;460;553;460
320;1586;320;1508
3290;1255;3290;1173
3317;1130;3317;1168
3347;1090;3347;1124
320;336;320;188
3320;1170;3320;1130
320;1074;320;1024
3377;1130;3377;1173
3290;1125;3290;1090
317;1600;317;1671
3350;1126;3350;1090
396;955;455;955
455;952;396;952
2944;357;2856;357
308;427;283;427
2855;360;2944;360
283;430;308;430
304;655;307;664
1265;1701;1261;1689
2690;1377;2676;1368
797;1185;794;1198
1585;1370;1572;1377
307;639;304;648
3378;1372;3367;1376
3066;1376;3054;1372
3103;508;3205;505
999;1353;996;1361
3230;479;3210;505
3542;541;3542;556
1572;1377;1558;1369
806;1213;805;1206
2127;1376;2115;1372
2432;1372;2421;1376
2421;1376;2410;1372
2137;1372;2127;1376
3020;1210;3023;1202
856;1207;859;1200
1684;1246;1679;1251
3073;1676;3081;1686
3352;1686;3360;1676
3337;605;3392;574
301;664;298;657
633;1678;623;1684
1983;1678;1974;1683
455;1402;393;1402
1275;1376;1261;1368
555;479;555;606
1572;1678;1563;1683
276;671;266;667
1988;1701;1994;1691
3454;636;3463;639
2703;1370;2691;1377
834;1196;836;1205
2406;1162;2413;1150
2698;1682;2691;1679
1587;1359;1584;1370
1294;1359;1284;1377
747;361;739;356
624;1352;622;1359
2701;1688;2698;1683
2414;1706;2406;1695
2119;1706;2111;1695
1564;1707;1557;1694
818;1212;815;1205
2020;753;1984;791
1275;1707;1264;1701
3195;769;3221;796
2937;1145;2937;1240
621;1690;627;1701
3069;1706;3058;1705
2433;2017;2431;2026
1555;1169;1560;1153
996;1690;1002;1701
1261;1681;1275;1674
2994;1202;2980;1196
1556;1688;1562;1677
825;1177;831;1179
2111;1689;2117;1677
3407;642;3417;636
997;1361;1001;1370
3375;1705;3364;1706
837;1206;832;1213
1580;1682;1572;1679
2430;2009;2433;2018
1155;1051;1155;1030
1019;1679;1023;1690
1700;1690;1704;1679
50;1001;26;975
3673;974;3648;1001
1821;711;1583;965
3384;558;3396;572
26;402;50;377
3673;524;3651;548
2000;80;1936;148
3323;1128;3375;1128
2744;122;2752;133
3256;470;3258;465
3442;642;3453;636
1261;1688;1265;1680
1264;1368;1261;1359
3371;1343;3383;1352
3412;648;3431;655
2422;1177;2431;1172
3026;1212;3017;1216
2412;1367;2421;1371
1726;1685;1716;1678
3076;1686;3066;1678
3209;535;3232;521
1559;1369;1556;1359
624;1684;622;1690
1980;1706;1972;1702
3369;1371;3376;1367
2129;2006;2137;2012
1003;1680;996;1689
3057;1367;3064;1371
503;524;456;524
1155;1015;1155;996
3425;613;3395;578
3427;560;3400;575
2682;1367;2689;1371
3379;2024;3372;2030
3052;1681;3062;1674
2677;1681;2687;1674
267;667;263;660
3008;1211;3005;1201
1703;1679;1712;1675
1016;1682;1008;1679
1154;995;1140;995
1588;1698;1576;1707
621;1360;628;1370
1293;1699;1279;1707
1292;1690;1289;1700
1587;1690;1584;1700
2687;1707;2675;1698
2141;1686;2140;1700
2436;1686;2435;1700
2425;1706;2415;1705
2130;1706;2120;1705
819;1202;821;1209
739;356;731;360
2432;1686;2422;1678
1704;1703;1700;1691
1023;1691;1019;1703
2134;1683;2127;1679
1023;1358;1021;1369
3076;1362;3075;1354
1979;789;2017;750
1685;64;1741;5
2676;1352;2687;1343
3258;365;3258;233
1689;82;1760;158
280;1598;280;1680
1125;1015;1125;1030
1933;144;1997;76
2016;472;1941;392
1750;21;1700;75
639;1675;646;1682
1747;151;1686;86
2038;476;2090;532
3172;774;3145;802
2008;91;1952;150
26;421;60;385
627;689;642;679
2130;1343;2141;1353
2749;137;2742;126
1581;961;1815;711
633;1372;642;1366
1560;1153;1568;1149
3368;2006;3377;2012
1811;711;1591;946
1575;1148;1586;1156
2437;1168;2430;1179
1987;794;2023;755
816;1181;824;1176
3188;772;3213;800
2411;1177;2406;1168
2114;1349;2123;1344
2027;472;1948;387
648;1692;641;1705
2679;1692;2686;1701
3055;1692;3058;1699
3375;1699;3378;1692
3010;1202;3014;1209
1681;1276;1684;1288
3216;797;3194;775
3463;638;3468;646
1271;1680;1266;1689
1563;1684;1561;1690
3364;1348;3356;1357
2702;1357;2693;1348
733;384;723;374
3056;2012;3063;2006
2681;2012;2688;2006
2461;290;2411;344
2702;1702;2694;1706
3076;1693;3075;1686
3360;1682;3356;1688
2129;1372;2137;1364
2116;2012;2124;2006
1574;1371;1581;1366
634;1702;642;1697
2423;2006;2429;2010
2411;2012;2419;2006
1009;1702;1016;1698
1585;1156;1587;1166
1707;1698;1714;1702
3426;648;3422;642
2675;1694;2677;1681
1573;1177;1582;1170
1265;1691;1271;1701
1560;1691;1567;1701
2424;1372;2432;1364
908;1015;908;695
723;363;733;353
2133;1700;2137;1693
2760;155;2752;143
301;639;308;634
2423;1702;2430;1698
611;699;625;691
1992;1675;1998;1687
1573;1702;1581;1697
2993;1211;2996;1204
3019;681;3074;681
3307;1149;3312;1158
2434;1699;2426;1707
3445;658;3447;666
2139;1699;2131;1707
843;1209;840;1199
3313;1138;3307;1149
2429;1172;2432;1166
3375;1676;3383;1686
2692;1702;2699;1698
2410;1359;2413;1367
3018;1179;3027;1184
2411;1167;2415;1174
318;665;322;655
3067;1702;3074;1698
3359;1698;3366;1702
3028;1205;3024;1212
3377;1685;3368;1678
3367;1702;3375;1699
3058;1699;3064;1702
2693;2012;2686;2012
2116;1362;2120;1369
3050;1694;3052;1681
2430;2026;2425;2030
792;1206;791;1214
2137;2025;2130;2030
1973;1678;1979;1675
1516;1030;1561;981
3066;880;3107;836
1565;1174;1573;1176
2431;1151;2437;1161
1418;942;1160;941
1565;1369;1573;1371
1287;1677;1292;1689
824;1215;818;1212
1582;1677;1587;1689
2689;1372;2696;1370
3355;1362;3365;1372
3064;1372;3071;1370
3356;1689;3359;1698
2689;2006;2698;2009
3064;2006;3074;2009
3397;571;3421;559
3356;2013;3366;2006
3401;211;3402;228
2120;1369;2128;1371
3227;530;3217;536
2786;786;2786;869
2699;1698;2701;1689
2684;2023;2691;2027
3077;2018;3074;2027
2700;1366;2701;1357
2432;1357;2425;1348
1746;460;1746;291
3061;2031;3054;2023
2685;2031;2680;2023
1997;74;1948;21
2432;1162;2425;1153
2418;1153;2411;1161
67;862;27;905
30;476;67;515
2028;757;1991;795
1582;1357;1579;1351
1266;1364;1274;1372
3400;577;3427;608
1761;148;1694;76
60;993;26;957
3301;1149;3295;1139
3295;1159;3301;1149
2741;151;2749;138
3392;574;3379;560
2703;2019;2696;2031
3141;800;3167;773
2412;1696;2419;1702
2117;1696;2123;1701
1972;1695;1981;1702
3363;2031;3356;2023
2751;142;2744;155
1997;1698;1987;1707
3444;671;3439;662
2001;59;1954;9
3016;1216;3008;1211
871;1147;881;1141
842;1182;851;1176
3311;1164;3304;1153
3305;1144;3311;1133
1745;8;1689;68
3071;1369;3076;1362
25;881;50;854
1695;73;1747;18
622;1679;628;1675
1581;1170;1582;1162
857;1177;863;1186
2411;2023;2411;2013
2761;127;2755;137
1581;1365;1582;1357
2417;2031;2410;2023
3428;638;3433;646
2117;2026;2116;2015
3051;1352;3062;1343
1715;1182;1711;1173
3074;1353;3068;1348
292;655;291;666
27;492;54;521
28;1465;62;1501
744;353;753;363
523;141;505;159
1723;1676;1729;1683
2138;1357;2130;1348
320;633;328;642
25;1414;60;1376
3673;543;3659;558
574;86;529;135
3671;886;3645;858
3296;1133;3304;1145
993;1682;1003;1675
54;857;27;886
1710;497;1722;484
62;1508;26;1470
2752;133;2760;121
1711;1706;1705;1702
1287;1687;1282;1680
62;517;25;478
1018;1702;1012;1706
267;649;265;640
552;91;492;155
873;1227;883;1237
490;149;547;89
2463;301;2435;331
3112;838;3071;881
3304;1153;3296;1164
885;1142;873;1153
3673;955;3638;993
1939;157;2003;88
764;1238;775;1228
1954;387;2032;470
495;164;571;82
2755;138;2761;148
2436;1365;2432;1372
3379;1174;3431;1174
67;385;28;427
3059;876;3096;836
3649;541;3671;516
3057;1704;3050;1694
3383;1694;3375;1704
1723;646;1704;665
1720;1701;1727;1691
2698;2008;2702;2017
819;1189;835;1196
2123;1348;2116;1357
1568;1348;1559;1359
3369;2027;3374;2021
2418;1348;2411;1357
2134;1676;2142;1686
50;524;25;497
3058;2021;3064;2027
1957;5;2006;58
2406;1686;2413;1676
2429;1676;2437;1686
3310;679;3310;625
1945;389;2021;470
1568;1153;1561;1163
2430;1346;2435;1353
3353;1353;3359;1346
1746;471;1752;463
1280;1702;1287;1695
3160;774;3131;806
1425;944;1421;951
3657;554;3672;538
28;1484;54;1512
767;1141;777;1147
54;1371;27;1400
25;1395;50;1368
54;379;28;408
2407;1353;2414;1345
3645;997;3671;969
322;644;317;638
3208;801;3183;774
3671;905;3633;864
3649;855;3673;881
27;950;57;983
2698;1344;2705;1353
3024;1192;3020;1184
28;970;54;998
967;1359;967;1370
67;1376;27;1419
3378;1357;3371;1348
3626;187;3618;186
3619;451;3627;444
3657;417;3649;426
3062;1348;3055;1357
2988;1217;2982;1214
3073;1344;3080;1353
1735;471;1745;460
1700;75;1765;144
25;900;62;861
3100;839;3064;877
1951;18;2000;70
1688;663;1711;640
50;1515;25;1488
2077;536;2021;478
2087;535;2033;478
1280;1372;1285;1366
3358;583;3336;604
1559;990;1521;1031
3631;993;3639;986
2027;476;2082;535
3545;687;3547;698
1808;707;1832;682
1818;708;1832;694
2407;341;2456;289
3632;385;3673;428
1749;462;1739;473
2785;1366;2705;1367
1830;690;1815;706
3635;859;3673;900
2851;875;2851;1069
2786;875;2786;1010
775;1153;763;1142
2412;1685;2410;1691
2117;1685;2115;1691
3642;982;3671;950
863;1202;860;1210
1715;642;1693;666
430;1073;430;1023
3064;1173;3068;1161
286;645;282;638
1279;1674;1287;1678
858;1189;855;1183
863;1246;856;1252
1581;1697;1582;1689
2430;329;2460;297
2995;1216;2988;1217
2868;1367;2835;1366
2786;681;2786;779
3232;463;3231;471
3356;2019;3357;2013
3261;229;3261;361
3378;559;3369;571
3355;353;3360;359
3362;2014;3361;2020
430;1585;430;1536
1941;391;1941;163
270;658;274;666
3601;478;3593;486
3463;648;3458;642
1870;2032;1835;2032
80;187;66;187
777;1234;769;1238
2847;1069;2847;873
3408;671;3405;665
3645;406;3631;390
3671;432;3658;418
3649;393;3673;417
751;377;743;384
1700;663;1719;643
880;1239;871;1233
1724;489;1714;498
453;1317;420;1317
2993;1186;2988;1186
3063;232;2856;232
301;1371;301;1258
817;1193;816;1185
62;860;62;694
347;985;347;1021
3430;481;3458;481
62;616;62;518
1850;711;1821;711
467;526;467;608
3213;1357;3081;1357
1512;1256;1512;1346
3638;187;3630;187
506;479;506;525
3200;232;3069;232
3461;667;3463;660
2137;696;2137;721
687;519;687;614
616;1017;526;1017
396;370;395;340
347;1309;347;1371
2771;1357;2706;1357
2116;721;2116;696
528;1101;576;1101
3636;549;3636;860
316;1346;336;1346
1287;1694;1287;1688
3226;471;3227;460
2778;231;2735;231
2558;301;2463;301
753;106;745;106
1158;1021;1131;1021
3397;229;3397;213
392;1404;392;1589
1707;1178;1713;1183
1760;157;1939;157
2428;702;2414;702
2767;119;2767;156
301;734;301;700
2740;116;2764;116
311;1306;344;1306
62;1673;62;1509
506;529;506;608
1846;702;1831;702
1126;1031;1151;1031
1121;1055;1121;1006
746;535;746;525
996;1055;996;1028
754;537;748;537
301;1256;310;1256
3262;376;3262;470
1114;1057;998;1057
1154;1057;1123;1057
316;1082;281;1082
3396;1354;3396;1261
2967;700;2967;779
703;1101;749;1101
904;1017;649;1017
1831;1019;1831;999
3216;854;3216;798
581;1154;581;1098
301;1209;301;1178
984;991;1009;991
1711;640;1711;498
559;617;535;617
3671;422;3646;396
2784;1012;2711;1012
3351;361;3351;355
984;1017;910;1017
3216;998;3216;863
3350;367;3260;367
2977;700;2977;768
342;793;342;823
570;1361;616;1361
3141;998;3141;800
2862;693;2862;778
301;831;301;791
276;1676;276;1595
2711;696;2775;696
2970;321;3058;321
2868;696;2948;696
3071;881;3071;995
528;696;544;696
3482;1138;3482;1173
3382;1686;3382;1695
83;1376;66;1376
726;102;748;102
66;188;66;351
62;350;62;189
517;411;517;383
391;617;266;617
3632;681;3632;638
501;531;474;531
3406;541;3426;541
66;532;181;532
66;1026;66;1163
1836;1017;1846;1017
1851;684;1851;696
2416;697;2426;697
1851;1017;1861;1017
1506;1341;1506;1256
651;1012;901;1012
342;1016;342;1001
3372;851;3372;700
342;375;342;361
502;604;502;531
341;1351;321;1351
466;1687;618;1687
2793;777;2856;777
902;1011;902;703
2711;1007;2781;1007
3623;1372;3631;1372
1828;707;1846;707
1506;1250;1506;1031
3246;692;3296;692
342;181;342;168
1512;1031;1512;1250
3616;1356;3398;1356
457;424;457;471
2950;102;2971;102
747;1250;747;1106
311;1318;311;1361
550;472;551;465
3295;696;3243;696
512;465;512;472
901;701;611;701
79;356;66;356
266;616;266;559
2950;377;2971;377
2782;1006;2782;875
3621;1022;3631;1022
3378;1001;3356;1001
66;352;83;352
3356;1001;3356;1016
26;2091;49;2091
3102;356;3102;471
1522;1256;1522;1341
62;1250;62;1028
1851;697;1861;697
66;356;66;380
2972;101;2972;88
692;1151;692;1098
1851;1003;1851;1016
66;1372;79;1372
26;1206;49;1206
83;1026;66;1026
501;182;511;182
458;412;516;412
3433;541;3541;541
1847;1016;1847;1003
1836;697;1846;697
320;377;341;377
2412;385;2412;471
66;515;66;531
3576;682;3631;682
512;181;512;166
2675;1357;2560;1357
2416;471;2416;385
462;1685;462;1258
66;1022;79;1022
2431;351;2431;329
746;1106;705;1106
3331;613;3331;585
2857;776;2857;690
3621;1349;3621;1370
66;168;66;181
3632;1371;3632;1349
643;1001;621;1001
1991;1370;1991;1256
2561;696;2561;1250
726;88;726;101
521;615;521;630
66;998;66;1021
3632;1021;3632;998
341;1001;321;1001
3621;998;3621;1020
521;632;529;632
66;1172;303;1172
3636;1028;3636;1341
2427;696;2427;684
2688;696;2561;696
66;1349;66;1371
310;567;271;567
3626;471;3626;453
2972;376;2972;361
342;1368;342;1351
66;182;75;182
2551;1351;2551;1256
621;1001;621;1016
3632;851;3632;700
3221;852;3371;852
586;1152;691;1152
1847;696;1847;684
321;182;341;182
3216;1076;3216;1006
1280;936;1421;936
581;1371;620;1371
421;1306;453;1306
61;1501;321;1501
3621;1676;3628;1676
912;691;912;1010
3141;1076;3141;1006
1991;1250;1991;1071
1156;936;1274;936
3137;1006;3137;1076
519;417;453;416
2694;701;2705;701
2320;692;2410;692
3627;2166;3627;2010
3631;2014;3631;2170
1851;996;1851;711
3632;1166;3632;1029
76;180;76;168
2322;698;2322;1055
466;1256;466;1360
1992;795;1992;1056
3626;444;3626;241
2737;158;2737;119
521;1258;521;1371
652;1290;652;1331
676;1263;676;1341
3196;226;3196;195
747;1341;747;1256
2416;534;2416;478
462;1250;462;1098
3626;540;3626;478
2412;478;2412;531
311;700;311;735
466;1098;466;1250
2551;1250;2551;698
1517;1346;1517;1256
521;753;521;796
3605;856;3381;856
1861;867;1983;867
66;700;66;861
521;1098;521;1250
3206;195;3206;226
2426;1336;2426;1296
2561;1256;2561;1351
3386;1350;3386;1273
3442;559;3442;625
3402;1266;3402;1350
3137;809;3137;996
551;604;551;478
3632;1341;3632;1180
3607;214;3607;71
62;1341;62;1256
447;471;447;383
1522;1184;1522;1250
3432;486;3432;540
66;1256;66;1341
1517;1250;1517;1181
561;525;561;615
3611;74;3611;214
2433;692;2553;692
2782;779;2782;693
2782;866;2782;786
3252;458;3252;240
3632;604;3632;559
3071;240;3071;351
1097;1069;1097;1243
521;675;521;731
2697;879;2697;993
2972;771;2972;700
1847;1084;1847;1150
517;370;517;189
3102;511;3102;535
3372;993;3372;865
1111;1051;1111;1018
457;383;457;410
3622;166;3622;180
66;559;66;604
1522;1031;1522;1169
3376;861;3376;993
1517;1171;1517;1030
1746;243;1746;151
2706;700;2706;681
3376;700;3376;854
502;471;502;424
256;621;256;559
561;455;561;471
66;1178;66;1250
3573;541;3625;541
3630;541;3644;541
512;478;512;604
3071;195;3071;226
2016;749;2016;698
3385;852;3606;852
2456;289;2456;90
2922;1253;2922;1141
2742;240;2742;286
332;823;332;801
311;801;311;823
453;1082;325;1082
1856;703;1856;996
3102;478;3102;506
3401;84;3401;119
2706;1020;2706;999
1006;100;1006;88
1847;1023;1847;1069
2975;106;2946;106
2558;692;2688;692
3221;996;3348;996
3626;216;3626;188
571;1106;530;1106
336;1317;311;1317
457;478;457;519
447;528;447;479
3357;360;3357;376
2841;113;2841;84
516;161;516;183
521;934;521;1020
337;1345;337;1318
731;537;694;537
3051;1020;3051;999
3633;87;3625;87
310;1211;303;1211
1006;1020;1006;998
2759;121;2745;121
3054;1077;3131;1077
3076;1015;3076;1003
3146;1077;3206;1077
1948;22;1750;22
561;478;561;511
502;519;502;478
2780;692;2711;692
1869;692;2115;692
985;1030;986;1023
2850;1136;2920;1136
1987;1056;1987;795
3067;355;3067;236
2428;357;2414;357
2996;87;2978;87
2970;87;2950;87
2944;87;2859;87
2976;88;2976;105
517;453;517;424
512;424;512;453
3374;856;3218;856
311;1180;311;1210
1011;1001;1133;1001
2870;777;2961;777
731;106;724;106
804;1206;793;1206
300;1177;66;1177
3576;698;3576;683
3057;1084;3057;1124
3052;1123;3052;1079
2948;692;2863;692
2741;128;2741;149
1686;87;1585;87
696;1098;696;1154
722;104;722;88
1579;87;1565;87
663;1251;646;1251
1559;87;1290;87
3307;624;3307;615
821;1251;748;1251
543;701;530;701
340;987;63;986
2323;1057;2428;1057
392;913;392;1073
1845;1002;1836;1002
1861;1002;1851;1002
1264;87;1011;87
2460;297;2554;297
984;1022;584;1022
3572;556;3572;541
1993;1057;2309;1057
855;1251;828;1251
85;617;63;617
103;616;124;616
883;1251;863;1251
130;616;138;616
1005;87;991;87
1694;1251;1687;1251
984;87;755;87
1848;1251;1839;1251
694;1156;583;1156
990;1022;1005;1022
2762;146;2762;128
3614;981;3641;981
2735;297;2778;297
748;87;728;87
720;87;574;87
2138;692;2311;692
751;1103;751;1124
2730;227;2774;227
3075;1002;3056;1002
646;1256;663;1256
79;997;66;997
1686;1256;1694;1256
1835;1256;1851;1256
277;431;277;426
3070;1256;2925;1256
516;617;444;617
3146;996;3206;996
1565;1021;1579;1021
319;996;341;996
311;1256;311;1305
3617;986;3617;993
1866;1021;1848;1021
756;515;756;535
3071;996;3131;996
3056;1017;3075;1017
3650;692;3671;692
271;562;306;562
2859;531;3089;531
2421;531;2774;531
2090;531;2406;531
3321;1176;3295;1176
2774;301;2731;301
3395;1261;3221;1261
1940;162;1759;162
1833;1191;1696;1191
3623;182;3633;182
3403;1351;3429;1351
3441;1351;3616;1351
2708;706;2693;706
342;995;342;988
461;531;450;531
194;532;308;532
3480;1017;3523;1017
1005;997;990;997
1011;993;1011;1000
185;372;226;372
350;371;389;371
400;371;516;371
322;354;322;340
68;381;79;381
2412;344;2412;351
2694;1021;2705;1021
3596;1017;3611;1017
3441;626;3425;626
3671;236;3646;236
3079;1021;3051;1021
1120;1006;1011;1006
3671;697;3650;697
2684;101;2698;101
3221;1267;3388;1267
3429;1266;3403;1266
530;1012;614;1012
2434;386;2421;386
2414;101;2428;101
1746;1186;1786;1186
2120;101;2133;101
666;1271;654;1271
3385;1272;3225;1272
1565;101;1579;101
2110;1357;1996;1357
2436;1161;2436;1168
913;1012;981;1012
2405;1357;2143;1357
3025;696;2991;696
991;101;1005;101
2550;696;2433;696
3355;1122;3373;1122
2410;696;2323;696
3295;1122;3343;1122
2551;1357;2438;1357
2309;696;2138;696
516;382;458;382
3226;1082;3381;1082
2121;697;2131;697
3050;1357;2849;1357
2115;696;2029;696
2015;696;1869;696
75;167;66;167
313;167;81;167
341;167;320;167
493;167;350;167
3351;1357;3221;1357
1979;871;1864;871
3416;626;3395;626
446;382;316;382
466;1410;466;1678
1979;1277;1854;1277
313;1512;66;1512
66;1513;66;1673
399;1532;433;1532
424;1542;399;1542
381;826;381;833
649;1361;748;1361
765;1361;778;1361
829;1361;884;1361
3335;582;3356;582
279;1592;313;1592
1148;1036;1126;1036
927;1368;927;1360
286;1604;286;1676
1136;991;1143;991
3621;82;3633;82
325;1671;453;1671
341;1677;320;1677
342;1694;342;1678
3616;1375;3617;1368
645;1371;778;1371
829;1371;894;1371
3622;1683;3622;1694
85;1687;314;1687
2407;1694;2407;1686
193;1691;85;1691
314;1691;205;1691
616;1692;348;1692
3650;1702;3671;1702
1011;1706;1005;1706
1575;1706;1569;1706
1718;1706;1711;1706
1986;1706;1980;1706
2694;1706;2688;1706
3671;1706;3650;1706
636;2103;636;1708
519;1377;566;1377
3628;1376;3618;1376
566;1381;519;1381
2113;1367;1996;1367
2406;1367;2141;1367
2676;1367;2436;1367
436;1071;453;1071
399;1071;424;1071
325;1071;388;1071
3051;1367;2909;1367
3353;1367;3080;1367
3615;1367;3381;1367
2965;781;2866;781
2859;781;2793;781
3381;652;3398;652
3313;682;3361;682
3490;481;3505;481
3630;997;3623;997
1866;2025;1866;2014
1839;2027;1865;2027
3263;362;3350;362
3650;231;3671;231
1110;1017;1011;1017
399;1017;431;1017
3058;332;2979;332
1768;1365;1754;1367
3256;232;3203;232
743;472;734;472
557;611;557;521
309;546;316;546
3437;1350;3437;1178
191;472;184;472
734;477;743;477
3482;1023;3482;1066
3256;236;3256;458
3097;470;3097;359
450;912;393;912
3359;377;3373;376
308;796;334;796
3394;625;3391;632
456;472;448;472
3067;996;3067;881
3067;229;3067;195
2851;1141;2851;1351
3097;535;3097;478
2692;993;2692;876
687;653;687;678
2461;90;2461;289
521;421;521;456
2972;328;2971;354
2771;1125;2771;1170
521;186;521;415
754;696;903;696
3379;1086;3226;1086
694;526;721;526
3293;1171;3319;1171
1130;1016;1154;1016
3344;1126;3293;1126
451;381;451;470
508;455;508;420
389;1076;321;1076
456;1076;434;1076
3599;1023;3616;1023
2555;694;2555;1249
2555;1258;2555;1355
523;1020;575;1020
584;1020;615;1020
649;1020;984;1020
453;1680;348;1680
191;378;223;378
3258;458;3258;373
396;1538;426;1538
3293;1088;3345;1088
3486;1023;3520;1023
3226;1088;3285;1088
3074;683;3028;683
3353;1088;3375;1088
315;1596;280;1596
279;1084;279;1165
186;376;186;470
506;421;506;470
305;1261;305;1368
650;1267;670;1267
516;375;346;375
906;699;906;1015
2557;1355;2557;1258
451;479;451;525
3520;1021;3484;1021
223;376;189;376
453;527;464;527
575;1022;520;1022
429;1021;396;1021
456;1310;424;1310
429;1536;396;1536
752;530;752;519
3616;1021;3599;1021
282;1680;282;1601
319;1505;66;1505
426;1076;396;1076
305;795;305;829
3312;629;3312;680
1143;997;1150;997
557;515;557;479
305;1175;305;1206
2557;1249;2557;694
1126;1007;1139;1007
348;1682;453;1682
2780;682;2768;682
2725;682;2711;682
3012;685;3003;686
308;1206;308;1176
66;1508;316;1508
338;825;338;795
693;533;728;533
3060;325;2974;325
343;1345;343;1311
340;1310;310;1310
650;1249;650;1163
396;1445;455;1445
349;695;455;695
621;1347;528;1347
3631;1172;3486;1172
324;340;341;341
737;106;737;351
655;1249;655;1166
186;479;186;535
349;340;390;340
737;479;737;511
748;1347;674;1347
312;548;312;564
737;385;737;470
424;830;448;830
453;1167;325;1167
3403;1262;3431;1262
346;378;449;378
724;530;691;530
348;1677;455;1677
282;1165;282;1086
473;527;503;527
310;1313;338;1313
347;355;347;344
3202;229;3202;195
3375;1126;3353;1126
454;686;349;686
308;1363;308;1315
340;1315;340;1345
308;1308;308;1261
2976;328;3060;328
456;378;516;378
335;799;335;825
424;1313;455;1313
3434;1264;3434;1351
308;825;308;799
188;535;188;479
455;1588;434;1588
648;1163;648;1249
428;1540;428;1585
455;693;349;693
398;1404;455;1404
455;1443;396;1443
528;1349;621;1349
389;1588;323;1588
560;519;684;519
739;351;739;106
376;828;340;828
448;828;424;828
425;1588;396;1588
653;1166;653;1249
393;344;393;370
739;470;739;385
428;1026;428;1071
305;700;305;731
739;511;739;479
1153;1000;1153;1011
1153;1035;1153;1051
308;730;308;700
333;828;310;828
693;519;724;519
733;519;748;519
674;1349;748;1349
325;1169;453;1169
453;414;453;380
285;1598;314;1598
3431;1259;3403;1259
453;521;453;479
188;470;188;381
3434;1178;3434;1256
453;470;453;421
455;1674;348;1674
398;1023;425;1023
3294;1128;3315;1128
344;344;344;355
3199;195;3199;229
349;688;454;688