wall_0
wall
-248
0
439
0
168,6901
0
6,35
20
41,29216
True
wall_4
wall
-989
0
764
0
270
0
6,35
20
162,5
True
wall_8
wall
-883,5
0
534,5
0
269,4213
0
6,35
20
99,50505
True
wall_12
wall
-1228
0
389
0
90
0
6,35
20
76,5
True
wall_16
wall
-1152
0
614
0
90
0
6,35
20
132,5
True
wall_20
wall
-1002
0
604
0
270
0
6,35
20
114,5
True
wall_24
wall
-790,5
0
539
0
90
0
6,35
20
31,5
True
wall_28
wall
-846,5
0
539
0
90
0
6,35
20
65,5
True
wall_32
wall
-364
0
455
0
0
0
6,35
20
22,5
True
wall_36
wall
-769,5
0
553,5
0
174,8056
0
6,35
20
11,54536
True
wall_40
wall
-1189
0
289,5
0
180
0
6,35
20
197,5
True
wall_44
wall
-910
0
538,5
0
88,80651
0
6,35
20
48,51041
True
wall_48
wall
-1290,5
0
404,5
0
96,63251
0
6,35
20
43,78972
True
wall_52
wall
-709
0
672,5
0
180
0
6,35
20
15,5
True
wall_56
wall
-493,5
0
674
0
270
0
6,35
20
15,5
True
wall_60
wall
-1313
0
640,5
0
180
0
6,35
20
51,5
True
wall_64
wall
-310
0
381,5
0
288,8247
0
6,35
20
46,98656
True
wall_68
wall
-836,5
0
765
0
270
0
6,35
20
127,5
True
wall_72
wall
-685,5
0
538,5
0
86,98721
0
6,35
20
19,5263
True
wall_76
wall
-1273,5
0
613
0
86,72952
0
6,35
20
35,55709
True
wall_80
wall
-1234
0
613,5
0
91,90915
0
6,35
20
30,51666
True
wall_84
wall
-949
0
813,5
0
0
0
6,35
20
75,5
True
wall_88
wall
-979
0
842
0
180
0
6,35
20
12,5
True
wall_92
wall
-856,5
0
579
0
90
0
6,35
20
55,5
True
wall_96
wall
-1290,5
0
395
0
279,8658
0
6,35
20
23,84524
True
wall_100
wall
-944,5
0
814,5
0
179,2152
0
6,35
20
73,50685
True
wall_104
wall
-270
0
383,5
0
242,0205
0
6,35
20
36,73534
True
wall_108
wall
-1234,5
0
772,5
0
89,32063
0
6,35
20
253,5178
True
wall_112
wall
-1010,5
0
774,5
0
89,51854
0
6,35
20
119,5042
True
wall_116
wall
-1250,5
0
602,5
0
269,7384
0
6,35
20
219,5023
True
wall_120
wall
-1130
0
524
0
270
0
6,35
20
8,5
True
wall_124
wall
-1120
0
764
0
270
0
6,35
20
48,5
True
wall_128
wall
-982,5
0
615
0
89,25108
0
6,35
20
153,5131
True
wall_132
wall
-1105
0
603,5
0
268,4926
0
6,35
20
38,51316
True
wall_136
wall
-978,5
0
820,5
0
171,8699
0
6,35
20
7,571068
True
wall_140
wall
-290
0
489
0
299,3578
0
6,35
20
37,21512
True
wall_144
wall
-1150
0
763
0
284,0363
0
6,35
20
8,746211
True
wall_148
wall
-249,5
0
406
0
200,556
0
6,35
20
26,13201
True
wall_152
wall
-744
0
737,5
0
349,2157
0
6,35
20
21,87756
True
wall_156
wall
-321
0
391,5
0
122,0054
0
6,35
20
28,80194
True
wall_160
wall
-1198
0
322,5
0
0
0
6,35
20
107,5
True
wall_164
wall
-796
0
535
0
270
0
6,35
20
70,5
True
wall_168
wall
-669
0
535,5
0
269,2655
0
6,35
20
78,50641
True
wall_172
wall
-503
0
664,5
0
180
0
6,35
20
7,5
True
wall_176
wall
-1135,5
0
563
0
359,2462
0
6,35
20
76,50658
True
wall_180
wall
-1052,5
0
537
0
90
0
6,35
20
137,5
True
wall_184
wall
-1202
0
762,5
0
269,4032
0
6,35
20
96,50521
True
wall_188
wall
-1313
0
225
0
0
0
6,35
20
68,5
True
wall_192
wall
-808
0
560
0
180
0
6,35
20
38,5
True
wall_196
wall
-713
0
678
0
0
0
6,35
20
26,5
True
wall_200
wall
-1054
0
533
0
270
0
6,35
20
138,5
True
wall_204
wall
-1305
0
347
0
180
0
6,35
20
92,5
True
wall_208
wall
-1313
0
353,5
0
0
0
6,35
20
105,5
True
wall_212
wall
-1125
0
570,5
0
180
0
6,35
20
61,5
True
wall_216
wall
-1198
0
230,5
0
0
0
6,35
20
59,5
True
wall_220
wall
-1313
0
268,5
0
0
0
6,35
20
11,5
True
wall_224
wall
-750
0
611,5
0
180
0
6,35
20
7,5
True
wall_228
wall
-1305
0
230,5
0
180
0
6,35
20
59,5
True
wall_232
wall
-1223,5
0
263
0
270
0
6,35
20
45,5
True
wall_236
wall
-1273
0
370,5
0
180
0
6,35
20
15,5
True
wall_240
wall
-1255
0
646,5
0
0
0
6,35
20
63,5
True
wall_244
wall
-914,5
0
605
0
270
0
6,35
20
57,5
True
wall_248
wall
-1288
0
263
0
270
0
6,35
20
26,5
True
wall_252
wall
-1250,5
0
646,5
0
179,0906
0
6,35
20
63,50793
True
wall_256
wall
-1318
0
638
0
0
0
6,35
20
46,5
True
wall_260
wall
-251,5
0
436
0
351,1194
0
6,35
20
32,88827
True
wall_264
wall
-703
0
540
0
90
0
6,35
20
10,5
True
wall_268
wall
-1346,5
0
663
0
270
0
6,35
20
7,5
True
wall_272
wall
-1250,5
0
190
0
270
0
6,35
20
121,5
True
wall_276
wall
-1102,5
0
786,5
0
181,5482
0
6,35
20
37,51351
True
wall_280
wall
-854,5
0
775,5
0
89,66882
0
6,35
20
173,5029
True
wall_284
wall
-823
0
592,5
0
180
0
6,35
20
23,5
True
wall_288
wall
-1268
0
395,5
0
180
0
6,35
20
11,5
True
wall_292
wall
-1043
0
807,5
0
269,4974
0
6,35
20
114,5044
True
wall_296
wall
-885
0
545
0
0
0
6,35
20
10,5
True
wall_300
wall
-815
0
580
0
90
0
6,35
20
12,5
True
wall_304
wall
-992,5
0
812,5
0
86,63353
0
6,35
20
17,52939
True
wall_308
wall
-1053
0
812,5
0
89,4491
0
6,35
20
104,5048
True
wall_312
wall
-983
0
832
0
0
0
6,35
20
36,5
True
wall_316
wall
-1255,5
0
737
0
358,7546
0
6,35
20
46,51087
True
wall_320
wall
-846,5
0
575
0
270
0
6,35
20
63,5
True
wall_324
wall
-773
0
558
0
0
0
6,35
20
34,5
True
wall_328
wall
-1251,5
0
198
0
90
0
6,35
20
103,5
True
wall_332
wall
-360
0
453
0
180
0
6,35
20
16,5
True
wall_336
wall
-1305
0
272
0
180
0
6,35
20
8,5
True
wall_340
wall
-1235,5
0
380
0
270
0
6,35
20
71,5
True
wall_344
wall
-1319
0
668
0
90
0
6,35
20
8,5
True
wall_348
wall
-1060
0
609
0
0
0
6,35
20
8,5
True
wall_352
wall
-1085
0
609
0
180
0
6,35
20
8,5
True
wall_356
wall
-330
0
500,5
0
76,86598
0
6,35
20
31,30584
True
wall_360
wall
-768
0
569,5
0
180
0
6,35
20
13,5
True
wall_364
wall
-332,5
0
495
0
249,6768
0
6,35
20
29,29236
True
wall_368
wall
-312,5
0
497,5
0
275,1944
0
6,35
20
11,54536
True
wall_372
wall
-358,5
0
442
0
172,875
0
6,35
20
8,562258
True
wall_376
wall
-353,5
0
428,5
0
157,6199
0
6,35
20
18,88478
True
wall_380
wall
-297
0
382,5
0
97,76517
0
6,35
20
22,7036
True
wall_384
wall
-270,5
0
388,5
0
59,62087
0
6,35
20
34,11547
True
wall_388
wall
-292
0
495
0
115,4633
0
6,35
20
47,01881
True
wall_392
wall
-354
0
476
0
206,565
0
6,35
20
31,80495
True
wall_396
wall
-1306
0
612,5
0
95,71059
0
6,35
20
10,54988
True
wall_400
wall
-439,5
0
634,5
0
142,125
0
6,35
20
34,70526
True
wall_404
wall
-554
0
510
0
141,5819
0
6,35
20
148,554
True
wall_408
wall
-710
0
626,5
0
180
0
6,35
20
15,5
True
wall_412
wall
-906
0
637
0
0
0
6,35
20
38,5
True
wall_416
wall
-713
0
627
0
0
0
6,35
20
14,5
True
wall_420
wall
-645,5
0
446,5
0
141,7098
0
6,35
20
24,70744
True
wall_424
wall
-256,5
0
164,5
0
232,125
0
6,35
20
34,70526
True
wall_428
wall
-359,5
0
430,5
0
340,2011
0
6,35
20
27,07066
True
wall_432
wall
-764
0
537,5
0
95,71059
0
6,35
20
10,54988
True
wall_436
wall
-94
0
170
0
212,0779
0
6,35
20
335,6716
True
wall_440
wall
-71
0
227,5
0
31,79408
0
6,35
20
201,689
True
wall_444
wall
-590
0
647,5
0
240,6422
0
6,35
20
18,85756
True
wall_448
wall
-356,5
0
482,5
0
30,06858
0
6,35
20
22,4545
True
wall_452
wall
-156
0
92
0
31,89079
0
6,35
20
106,5
True
wall_456
wall
-881
0
573,5
0
243,4349
0
6,35
20
7,208204
True
wall_460
wall
-227
0
99,5
0
141,2098
0
6,35
20
137,7771
True
wall_464
wall
-494,5
0
513
0
141,0725
0
6,35
20
33,92155
True
wall_468
wall
-253,5
0
409
0
19,29005
0
6,35
20
21,68962
True
wall_472
wall
-221
0
486,5
0
141,3402
0
6,35
20
96,54687
True
wall_476
wall
-386
0
699
0
231,1466
0
6,35
20
92,95539
True
wall_480
wall
-483,5
0
235,5
0
321,4864
0
6,35
20
551,3267
True
wall_484
wall
-688
0
660
0
321,9529
0
6,35
20
58,91233
True
wall_488
wall
-402
0
692,5
0
51,12694
0
6,35
20
126,3769
True
wall_492
wall
-473
0
229,5
0
141,374
0
6,35
20
529,1483
True
wall_496
wall
-584
0
479,5
0
321,3402
0
6,35
20
147,7719
True
wall_500
wall
-437
0
408,5
0
51,84277
0
6,35
20
53,91348
True
wall_504
wall
-717,5
0
611
0
339,4439
0
6,35
20
9,044003
True
wall_508
wall
-203
0
564,5
0
141,4528
0
6,35
20
635,9723
True
wall_512
wall
-224
0
483
0
321,7098
0
6,35
20
97,32975
True
wall_516
wall
-694
0
685
0
141,4495
0
6,35
20
164,1704
True
wall_520
wall
-452,5
0
517
0
231,0959
0
6,35
20
73,74616
True
wall_524
wall
-568
0
596,5
0
320,9645
0
6,35
20
48,13402
True
wall_528
wall
-334
0
393,5
0
296,5651
0
6,35
20
7,208204
True
wall_532
wall
-690,5
0
615,5
0
96,34019
0
6,35
20
9,555386
True
wall_536
wall
-417
0
338
0
141,6325
0
6,35
20
122,9418
True
wall_540
wall
-505,5
0
584
0
231,3402
0
6,35
20
70,93436
True
wall_544
wall
-326
0
207
0
321,3792
0
6,35
20
458,7139
True
wall_548
wall
-324,5
0
222
0
141,2848
0
6,35
20
161,9837
True
wall_552
wall
-258
0
456,5
0
326,3099
0
6,35
20
11,31665
True
wall_556
wall
-633,5
0
609,5
0
135
0
6,35
20
7,571068
True
wall_560
wall
-207
0
204
0
231,3402
0
6,35
20
38,91875
True
wall_564
wall
-1299,5
0
610
0
159,444
0
6,35
20
9,044003
True
wall_568
wall
-339
0
634,5
0
131,9872
0
6,35
20
13,95362
True
wall_572
wall
-514
0
528,5
0
321,7662
0
6,35
20
126,5357
True
wall_576
wall
-495,5
0
598
0
50,63068
0
6,35
20
50,94799
True
wall_580
wall
-1333
0
612
0
90
0
6,35
20
30,5
True
wall_584
wall
-751
0
751
0
167,4712
0
6,35
20
18,93909
True
wall_588
wall
-155,5
0
180,5
0
141,6134
0
6,35
20
98,73441
True
wall_592
wall
-579
0
481
0
141,6048
0
6,35
20
135,7479
True
wall_596
wall
-365
0
363
0
321,1466
0
6,35
20
92,95539
True
wall_600
wall
-258,5
0
169
0
51,34019
0
6,35
20
32,51562
True
wall_604
wall
-326,5
0
702,5
0
321,2034
0
6,35
20
65,93699
True
wall_608
wall
-359
0
363
0
141,5198
0
6,35
20
100,1394
True
wall_612
wall
-489,5
0
699,5
0
140,7106
0
6,35
20
43,13801
True
wall_616
wall
-1294
0
609,5
0
23,96249
0
6,35
20
10,34886
True
wall_620
wall
-560
0
655,5
0
322,696
0
6,35
20
26,90076
True
wall_624
wall
-323,5
0
656,5
0
231,5198
0
6,35
20
50,31968
True
wall_628
wall
-133
0
269,5
0
51,30264
0
6,35
20
238,8212
True
wall_632
wall
-453,5
0
522
0
51,34019
0
6,35
20
70,93436
True
wall_636
wall
-333,5
0
654,5
0
51,98106
0
6,35
20
70,31404
True
wall_640
wall
-290
0
573
0
141,0725
0
6,35
20
67,3431
True
wall_644
wall
-619,5
0
625,5
0
231,1155
0
6,35
20
40,32462
True
wall_648
wall
-171,5
0
508
0
321,4896
0
6,35
20
419,6718
True
wall_652
wall
-351,5
0
305
0
231,0441
0
6,35
20
60,94005
True
wall_656
wall
-345
0
574
0
231,582
0
6,35
20
74,52702
True
wall_660
wall
-303,5
0
607,5
0
232,5947
0
6,35
20
21,90093
True
wall_664
wall
-604,5
0
651
0
51,53214
0
6,35
20
93,73626
True
wall_668
wall
-676,5
0
616,5
0
232,125
0
6,35
20
34,70526
True
wall_672
wall
-515,5
0
664,5
0
51,78897
0
6,35
20
60,31639
True
wall_676
wall
-445,5
0
634
0
322,0013
0
6,35
20
41,10788
True
wall_680
wall
-475
0
471,5
0
231,0725
0
6,35
20
33,92155
True
wall_684
wall
-294
0
570,5
0
321,6048
0
6,35
20
68,12396
True
wall_688
wall
-760,5
0
751
0
322,5238
0
6,35
20
38,30212
True
wall_692
wall
-306,5
0
611
0
51,34019
0
6,35
20
19,70937
True
wall_696
wall
-401
0
643,5
0
141,6048
0
6,35
20
68,12396
True
wall_700
wall
-554
0
586,5
0
142,0284
0
6,35
20
52,50961
True
wall_704
wall
-453,5
0
757,5
0
231,4108
0
6,35
20
127,157
True
wall_708
wall
-477,5
0
548,5
0
231,7098
0
6,35
20
73,12231
True
wall_712
wall
-505,5
0
702
0
321,5463
0
6,35
20
43,91659
True
wall_716
wall
-595
0
639
0
135
0
6,35
20
8,985281
True
wall_720
wall
-716,5
0
617,5
0
81,8699
0
6,35
20
7,571068
True
wall_724
wall
-483,5
0
470,5
0
51,70984
0
6,35
20
24,70744
True
wall_728
wall
-452
0
472
0
321,3402
0
6,35
20
26,1125
True
wall_732
wall
-434
0
404
0
231,009
0
6,35
20
54,53703
True
wall_736
wall
-531,5
0
638
0
231,3402
0
6,35
20
45,32187
True
wall_740
wall
-348
0
578
0
51,34019
0
6,35
20
77,33749
True
wall_744
wall
-362,5
0
469
0
9,462322
0
6,35
20
6,582763
True
wall_748
wall
-1106,5
0
793
0
358,3153
0
6,35
20
34,5147
True
wall_752
wall
-901,5
0
638
0
178,5679
0
6,35
20
40,5125
True
wall_756
wall
-255,5
0
461,5
0
156,8014
0
6,35
20
8,115773
True
wall_760
wall
-472,5
0
676
0
131,6335
0
6,35
20
12,54159
True
wall_764
wall
-543
0
609
0
323,1301
0
6,35
20
30,5
True
wall_768
wall
-377,5
0
766
0
321,6799
0
6,35
20
79,52531
True
wall_772
wall
-445
0
576
0
143,1301
0
6,35
20
20,5
True
wall_776
wall
-438,5
0
657
0
231,953
0
6,35
20
29,70616
True
wall_780
wall
-525,5
0
431,5
0
232,7652
0
6,35
20
31,90064
True
wall_784
wall
-520,5
0
544,5
0
141,5819
0
6,35
20
37,51351
True
wall_788
wall
-526
0
437
0
51,34019
0
6,35
20
26,1125
True
wall_792
wall
-727
0
709
0
322,125
0
6,35
20
46,10702
True
wall_796
wall
-605,5
0
565
0
49,39871
0
6,35
20
9,719544
True
wall_800
wall
-112,5
0
279,5
0
231,3871
0
6,35
20
191,1882
True
wall_804
wall
-479,5
0
552,5
0
51,70984
0
6,35
20
73,12231
True
wall_808
wall
-576,5
0
659,5
0
229,7636
0
6,35
20
17,52939
True
wall_812
wall
-406,5
0
642,5
0
321,789
0
6,35
20
60,31639
True
wall_816
wall
-760
0
768
0
142,125
0
6,35
20
23,30351
True
wall_820
wall
-415
0
531,5
0
320,5275
0
6,35
20
22,52271
True
wall_824
wall
-159
0
177
0
321,5198
0
6,35
20
100,1394
True
wall_828
wall
-562
0
613,5
0
230,9061
0
6,35
20
21,11553
True
wall_832
wall
-460
0
766,5
0
51,28001
0
6,35
20
149,1775
True
wall_836
wall
-399,5
0
530,5
0
232,5947
0
6,35
20
21,90093
True
wall_840
wall
-855
0
606
0
270
0
6,35
20
52,5
True
wall_844
wall
-465
0
485,5
0
48,81408
0
6,35
20
11,13015
True
wall_848
wall
-553,5
0
491
0
321,5688
0
6,35
20
117,9436
True
wall_852
wall
-503
0
641,5
0
322,696
0
6,35
20
26,90076
True
wall_856
wall
-415,5
0
597
0
323,1301
0
6,35
20
15,5
True
wall_860
wall
-406
0
604,5
0
48,81408
0
6,35
20
11,13015
True
wall_864
wall
-722
0
611,5
0
164,0546
0
6,35
20
7,78011
True
wall_868
wall
-27
0
327
0
322,4314
0
6,35
20
33,30244
True
wall_872
wall
-416
0
540,5
0
139,8991
0
6,35
20
25,33949
True
wall_876
wall
-602
0
552
0
322,125
0
6,35
20
23,30351
True
wall_880
wall
-558,5
0
622,5
0
49,57392
0
6,35
20
35,9683
True
wall_884
wall
-414,5
0
603
0
147,9946
0
6,35
20
9,933981
True
wall_888
wall
-492,5
0
433
0
145,008
0
6,35
20
12,70656
True
wall_892
wall
-356,5
0
307,5
0
51,17018
0
6,35
20
53,13079
True
wall_896
wall
-351
0
634,5
0
228,8141
0
6,35
20
11,13015
True
wall_900
wall
-475,5
0
488,5
0
140,7106
0
6,35
20
14,71267
True
wall_904
wall
-470
0
607,5
0
142,4314
0
6,35
20
16,90122
True
wall_908
wall
-1362
0
687
0
0
0
6,35
20
168,5
True
wall_912
wall
-502
0
442
0
165,9638
0
6,35
20
8,746211
True
wall_916
wall
-404
0
599,5
0
235,008
0
6,35
20
12,70656
True
wall_920
wall
-376,5
0
614
0
229,3987
0
6,35
20
9,719544
True
wall_924
wall
-675,5
0
631
0
52,43141
0
6,35
20
16,90122
True
wall_928
wall
-553
0
663,5
0
141,7662
0
6,35
20
42,5119
True
wall_932
wall
-476,5
0
673,5
0
320,7106
0
6,35
20
14,71267
True
wall_936
wall
-528
0
571,5
0
50,90614
0
6,35
20
21,11553
True
wall_940
wall
-449,5
0
477
0
141,6325
0
6,35
20
31,11046
True
wall_944
wall
-400
0
536
0
50,19443
0
6,35
20
16,1205
True
wall_948
wall
-598,5
0
635,5
0
315
0
6,35
20
7,571068
True
wall_952
wall
-540
0
612,5
0
141,953
0
6,35
20
29,70616
True
wall_956
wall
-505,5
0
431,5
0
321,009
0
6,35
20
27,51851
True
wall_960
wall
-650,5
0
613,5
0
322,125
0
6,35
20
34,70526
True
wall_964
wall
-347,5
0
492,5
0
45
0
6,35
20
7,571068
True
wall_968
wall
-410
0
427
0
140,1944
0
6,35
20
16,1205
True
wall_972
wall
-465,5
0
390
0
49,39871
0
6,35
20
9,719544
True
wall_976
wall
-500
0
645
0
141,3402
0
6,35
20
26,1125
True
wall_980
wall
-505
0
659,5
0
243,4349
0
6,35
20
7,208204
True
wall_984
wall
-546,5
0
638
0
327,9946
0
6,35
20
9,933981
True
wall_988
wall
-702
0
615,5
0
80,53768
0
6,35
20
6,582763
True
wall_992
wall
-605
0
536,5
0
268,0909
0
6,35
20
30,51666
True
wall_996
wall
-825
0
616
0
90
0
6,35
20
148,5
True
wall_1000
wall
-471,5
0
601,5
0
322,125
0
6,35
20
11,90175
True
wall_1004
wall
-635
0
603
0
233,1301
0
6,35
20
10,5
True
wall_1008
wall
-1294
0
265
0
83,65981
0
6,35
20
36,72154
True
wall_1012
wall
-318
0
607,5
0
150,2551
0
6,35
20
8,562258
True
wall_1016
wall
-576
0
615
0
153,435
0
6,35
20
9,444272
True
wall_1020
wall
-445,5
0
568,5
0
336,8014
0
6,35
20
8,115773
True
wall_1024
wall
-344
0
633,5
0
330,2551
0
6,35
20
8,562258
True
wall_1028
wall
-492,5
0
423,5
0
225
0
6,35
20
10,3995
True
wall_1032
wall
-1352
0
674,5
0
180
0
6,35
20
9,5
True
wall_1036
wall
-906
0
744,5
0
0
0
6,35
20
39,5
True
wall_1040
wall
-902
0
744
0
180
0
6,35
20
38,5
True
wall_1044
wall
-392
0
615,5
0
55,00798
0
6,35
20
12,70656
True
wall_1048
wall
-708,5
0
618
0
119,7449
0
6,35
20
8,562258
True
wall_1052
wall
-1352
0
721,5
0
180
0
6,35
20
77,5
True
wall_1056
wall
-1304
0
762
0
270
0
6,35
20
92,5
True
wall_1060
wall
-1277
0
376
0
0
0
6,35
20
30,5
True
wall_1064
wall
-703
0
606
0
270
0
6,35
20
26,5
True
wall_1068
wall
-759,5
0
606
0
270
0
6,35
20
13,5
True
wall_1072
wall
-727
0
610,5
0
0
0
6,35
20
9,5
True
wall_1076
wall
-1351
0
637,5
0
180
0
6,35
20
47,5
True
wall_1080
wall
-1223
0
266
0
90
0
6,35
20
46,5
True
wall_1084
wall
-827
0
592,5
0
0
0
6,35
20
23,5
True
wall_1088
wall
-797,5
0
606
0
270
0
6,35
20
47,5
True
wall_1092
wall
-1251
0
737,5
0
180
0
6,35
20
47,5
True
wall_1096
wall
-635
0
541
0
90
0
6,35
20
78,5
True
wall_1100
wall
-1071
0
769
0
0
0
6,35
20
8,5
True
wall_1104
wall
-812
0
556
0
0
0
6,35
20
30,5
True
wall_1108
wall
-881
0
545,5
0
180
0
6,35
20
9,5
True
wall_1112
wall
-1344
0
680
0
90
0
6,35
20
10,5
True
wall_1116
wall
-1374
0
680
0
90
0
6,35
20
20,5
True
wall_1120
wall
-1374
0
678
0
270
0
6,35
20
20,5
True
wall_1124
wall
-1344
0
678
0
270
0
6,35
20
10,5
True
roof
roof
-694,5
10
435,5
0
180
0
1337
1
819
False
roof
roof
-694,5
10
435,5
0
180
0
1337
1
819
False
roof
roof
-694,5
10
435,5
0
180
0
1337
1
819
False
roof
roof
-694,5
10
435,5
0
180
0
1337
1
819
False
roof
roof
-694,5
10
435,5
0
180
0
1337
1
819
False
roof
roof
-694,5
10
435,5
0
180
0
1337
1
819
False
roof
roof
-694,5
10
435,5
0
180
0
1337
1
819
False
roof
roof
-694,5
10
435,5
0
180
0
1337
1
819
False
roof
roof
-694,5
10
435,5
0
180
0
1337
1
819
False
roof
roof
-694,5
10
435,5
0
180
0
1337
1
819
False
roof
roof
-694,5
10
435,5
0
270
0
1337
1
819
False
roof
roof
-694,5
10
435,5
0
270
0
1337
1
819
False
roof
roof
-694,5
10
435,5
0
270
0
1337
1
819
False
roof
roof
-694,5
10
435,5
0
270
0
1337
1
819
False
roof
roof
-694,5
10
435,5
0
270
0
1337
1
819
False
roof
roof
-694,5
10
435,5
0
270
0
1337
1
819
False
roof
roof
-694,5
10
435,5
0
270
0
1337
1
819
False
roof
roof
-694,5
10
435,5
0
270
0
1337
1
819
False
roof
roof
-694,5
10
435,5
0
270
0
1337
1
819
False
roof
roof
-694,5
10
435,5
0
270
0
1337
1
819
False
roof
roof
-694,5
10
435,5
0
270
0
1337
1
819
False
roof
roof
-694,5
10
435,5
0
270
0
1337
1
819
False
roof
roof
-694,5
10
435,5
0
270
0
1337
1
819
False
roof
roof
-694,5
10
435,5
0
270
0
1337
1
819
False
roof
roof
-694,5
10
435,5
0
270
0
1337
1
819
False
roof
roof
-694,5
10
435,5
0
270
0
1337
1
819
False
roof
roof
-694,5
10
435,5
0
270
0
1337
1
819
False
roof
roof
-694,5
10
435,5
0
270
0
1337
1
819
False
roof
roof
-694,5
10
435,5
0
270
0
1337
1
819
False
roof
roof
-694,5
10
435,5
0
270
0
1337
1
819
False
roof
roof
-694,5
10
435,5
0
270
0
1337
1
819
False
roof
roof
-694,5
10
435,5
0
270
0
1337
1
819
False
