wall_0
wall
-548
0
34
0
270
0
6,35
20
1034,5
True
wall_4
wall
-188
0
1024
0
270
0
6,35
20
150,5
True
wall_8
wall
-73,5
0
1024
0
270
0
6,35
20
69,5
True
wall_12
wall
-1059
0
152,5
0
180
0
6,35
20
223,5
True
wall_16
wall
-1059
0
900,5
0
180
0
6,35
20
245,5
True
wall_20
wall
-663,5
0
1024
0
270
0
6,35
20
791,5
True
wall_24
wall
-302
0
524
0
270
0
6,35
20
192,5
True
wall_28
wall
-109
0
672
0
180
0
6,35
20
28,5
True
wall_32
wall
-109
0
829,5
0
180
0
6,35
20
27,5
True
wall_36
wall
-109
0
744,5
0
180
0
6,35
20
43,5
True
wall_40
wall
-109
0
906,5
0
180
0
6,35
20
93,5
True
wall_44
wall
-264
0
952
0
180
0
6,35
20
142,5
True
wall_48
wall
-203,5
0
484,5
0
358,6028
0
6,35
20
41,51219
True
wall_52
wall
-109
0
849,5
0
180
0
6,35
20
9,5
True
wall_56
wall
-109
0
775,5
0
180
0
6,35
20
11,5
True
wall_60
wall
-109
0
790
0
180
0
6,35
20
12,5
True
wall_64
wall
-109
0
806,5
0
180
0
6,35
20
15,5
True
wall_68
wall
-50,5
0
309
0
90
0
6,35
20
21,5
True
wall_72
wall
-190
0
309
0
90
0
6,35
20
22,5
True
wall_76
wall
-109
0
695
0
180
0
6,35
20
12,5
True
wall_80
wall
-109
0
711
0
180
0
6,35
20
10,5
True
wall_84
wall
-203
0
383,5
0
0
0
6,35
20
155,5
True
wall_88
wall
-302,5
0
510
0
90
0
6,35
20
195,5
True
wall_92
wall
-38
0
389,5
0
0
0
6,35
20
157,5
True
wall_96
wall
-38
0
941
0
0
0
6,35
20
164,5
True
wall_100
wall
-35
0
679,5
0
0
0
6,35
20
39,5
True
wall_104
wall
-38
0
511
0
0
0
6,35
20
76,5
True
wall_108
wall
-38
0
798,5
0
0
0
6,35
20
25,5
True
wall_112
wall
-38
0
126
0
0
0
6,35
20
170,5
True
wall_116
wall
-38
0
261,5
0
0
0
6,35
20
87,5
True
wall_120
wall
-38
0
742
0
0
0
6,35
20
72,5
True
wall_124
wall
-38
0
829,5
0
0
0
6,35
20
27,5
True
wall_128
wall
-1063
0
523
0
180
0
6,35
20
14,5
True
wall_132
wall
-547,5
0
40
0
90
0
6,35
20
1017,5
True
wall_136
wall
-38
0
849,5
0
0
0
6,35
20
9,5
True
wall_140
wall
-235
0
657
0
180
0
6,35
20
258,5
True
wall_144
wall
-46,5
0
213
0
270
0
6,35
20
15,5
True
wall_148
wall
-224
0
213
0
270
0
6,35
20
28,5
True
wall_152
wall
-243
0
130
0
0
0
6,35
20
172,5
True
wall_156
wall
-190
0
523,5
0
273,1798
0
6,35
20
18,52776
True
wall_160
wall
-909
0
843,5
0
180
0
6,35
20
115,5
True
wall_164
wall
-46,5
0
523,5
0
266,1859
0
6,35
20
15,5333
True
wall_168
wall
-256,5
0
769
0
90
0
6,35
20
33,5
True
wall_172
wall
-83,5
0
523,5
0
273,0128
0
6,35
20
19,5263
True
wall_176
wall
-235
0
868
0
180
0
6,35
20
24,5
True
wall_180
wall
-240
0
127,5
0
180
0
6,35
20
167,5
True
wall_184
wall
-238
0
646,5
0
0
0
6,35
20
237,5
True
wall_188
wall
-238
0
865,5
0
0
0
6,35
20
21,5
True
wall_192
wall
-238
0
778,5
0
0
0
6,35
20
15,5
True
wall_196
wall
-249
0
880
0
90
0
6,35
20
28,5
True
wall_200
wall
-73
0
705
0
90
0
6,35
20
66,5
True
wall_204
wall
-1005
0
515
0
90
0
6,35
20
112,5
True
wall_208
wall
-969,5
0
512
0
270
0
6,35
20
47,5
True
wall_212
wall
-252
0
877
0
270
0
6,35
20
26,5
True
wall_216
wall
-1030,5
0
512
0
270
0
6,35
20
71,5
True
wall_220
wall
-59
0
702
0
270
0
6,35
20
38,5
True
wall_224
wall
-548,5
0
1031
0
90
0
6,35
20
1035,5
True
wall_228
wall
-1066
0
154,5
0
0
0
6,35
20
241,5
True
wall_232
wall
-31
0
292,5
0
180
0
6,35
20
515,5
True
wall_236
wall
-1066
0
904
0
0
0
6,35
20
250,5
True
wall_240
wall
-227
0
217
0
90
0
6,35
20
28,5
True
wall_244
wall
-1066,5
0
516,5
0
8,130103
0
6,35
20
7,571068
True
wall_248
wall
-318,5
0
526
0
90
0
6,35
20
165,5
True
wall_252
wall
-267
0
950,5
0
0
0
6,35
20
145,5
True
wall_256
wall
-31
0
845
0
180
0
6,35
20
370,5
True
wall_260
wall
-46,5
0
217
0
90
0
6,35
20
15,5
True
wall_264
wall
-206
0
526
0
90
0
6,35
20
50,5
True
wall_268
wall
-1006
0
532
0
90
0
6,35
20
116,5
True
wall_272
wall
-112
0
1018
0
0
0
6,35
20
6,5
True
wall_276
wall
-302,5
0
507
0
270
0
6,35
20
195,5
True
wall_280
wall
-256,5
0
766,5
0
268,2643
0
6,35
20
33,51515
True
wall_284
wall
-112
0
687
0
0
0
6,35
20
58,5
True
wall_288
wall
-112
0
836
0
0
0
6,35
20
230,5
True
wall_292
wall
-911
0
842
0
0
0
6,35
20
112,5
True
wall_296
wall
-84
0
526
0
90
0
6,35
20
18,5
True
wall_300
wall
-46,5
0
526
0
90
0
6,35
20
13,5
True
wall_304
wall
-190
0
306
0
270
0
6,35
20
22,5
True
wall_308
wall
-82,5
0
769
0
90
0
6,35
20
47,5
True
wall_312
wall
-50
0
306
0
270
0
6,35
20
22,5
True
wall_316
wall
-908,5
0
784
0
270
0
6,35
20
55,5
True
wall_320
wall
-201
0
497,5
0
180
0
6,35
20
47,5
True
wall_324
wall
-201
0
389,5
0
180
0
6,35
20
159,5
True
wall_328
wall
-72,5
0
858
0
90
0
6,35
20
67,5
True
wall_332
wall
-927,5
0
264
0
90
0
6,35
20
25,5
True
wall_336
wall
-203
0
516
0
0
0
6,35
20
10,5
True
wall_340
wall
-119,5
0
470
0
270
0
6,35
20
159,5
True
wall_344
wall
-948
0
521
0
0
0
6,35
20
14,5
True
wall_348
wall
-399,5
0
516
0
174,2894
0
6,35
20
10,54988
True
wall_352
wall
-988
0
529
0
270
0
6,35
20
76,5
True
wall_356
wall
-401,5
0
516,5
0
356,6335
0
6,35
20
17,52939
True
wall_360
wall
-1044
0
529,5
0
271,7899
0
6,35
20
32,51562
True
wall_364
wall
-45
0
769
0
90
0
6,35
20
10,5
True
wall_368
wall
-945,5
0
522
0
176,4237
0
6,35
20
16,53122
True
wall_372
wall
-72
0
844
0
270
0
6,35
20
52,5
True
wall_376
wall
-73
0
847
0
90
0
6,35
20
66,5
True
wall_380
wall
-72,5
0
856
0
270
0
6,35
20
65,5
True
wall_384
wall
-119,5
0
472
0
90
0
6,35
20
159,5
True
wall_388
wall
-82
0
545,5
0
326,3099
0
6,35
20
11,31665
True
wall_392
wall
-765
0
779
0
0
0
6,35
20
58,5
True
wall_396
wall
-701,5
0
777
0
270
0
6,35
20
113,5
True
wall_400
wall
-71,5
0
528
0
329,4208
0
6,35
20
26,05387
True
wall_404
wall
-637
0
777,5
0
180
0
6,35
20
57,5
True
wall_408
wall
-521,5
0
317
0
90
0
6,35
20
113,5
True
wall_412
wall
-74
0
815
0
90
0
6,35
20
68,5
True
wall_416
wall
-483
0
782
0
90
0
6,35
20
114,5
True
wall_420
wall
-482,5
0
779
0
270
0
6,35
20
115,5
True
wall_424
wall
-71
0
782
0
270
0
6,35
20
60,5
True
wall_428
wall
-87
0
767
0
270
0
6,35
20
38,5
True
wall_432
wall
-915
0
204,5
0
0
0
6,35
20
111,5
True
wall_436
wall
-595
0
332
0
0
0
6,35
20
24,5
True
wall_440
wall
-71,5
0
720
0
90
0
6,35
20
63,5
True
wall_444
wall
-460
0
316
0
0
0
6,35
20
56,5
True
wall_448
wall
-73
0
797
0
270
0
6,35
20
66,5
True
wall_452
wall
-595
0
299,5
0
0
0
6,35
20
27,5
True
wall_456
wall
-465
0
300
0
0
0
6,35
20
22,5
True
wall_460
wall
-926,5
0
785,5
0
92,1211
0
6,35
20
27,51851
True
wall_464
wall
-466
0
331
0
0
0
6,35
20
20,5
True
wall_468
wall
-520,5
0
314
0
270
0
6,35
20
109,5
True
wall_472
wall
-894,5
0
785
0
90
0
6,35
20
27,5
True
wall_476
wall
-45
0
767,5
0
264,2894
0
6,35
20
10,54988
True
wall_480
wall
-898,5
0
262
0
270
0
6,35
20
25,5
True
wall_484
wall
-930,5
0
262
0
270
0
6,35
20
25,5
True
wall_488
wall
-458
0
316,5
0
180
0
6,35
20
55,5
True
wall_492
wall
-72,5
0
535
0
148,7363
0
6,35
20
33,25668
True
wall_496
wall
-51,5
0
534,5
0
209,9315
0
6,35
20
38,57887
True
wall_500
wall
-700,5
0
779
0
90
0
6,35
20
115,5
True
wall_504
wall
-931
0
147
0
90
0
6,35
20
26,5
True
wall_508
wall
-93
0
686
0
270
0
6,35
20
24,5
True
wall_512
wall
-541
0
765,5
0
180
0
6,35
20
29,5
True
wall_516
wall
-62,5
0
550
0
270
0
6,35
20
35,5
True
wall_520
wall
-899,5
0
147
0
90
0
6,35
20
27,5
True
wall_524
wall
-67,5
0
541
0
163,3008
0
6,35
20
10,94031
True
wall_528
wall
-63,5
0
553
0
90
0
6,35
20
39,5
True
wall_532
wall
-55
0
533,5
0
30,65067
0
6,35
20
31,88471
True
wall_536
wall
-582
0
316,5
0
0
0
6,35
20
55,5
True
wall_540
wall
-92
0
753
0
90
0
6,35
20
32,5
True
wall_544
wall
-541
0
796,5
0
180
0
6,35
20
27,5
True
wall_548
wall
-587
0
314
0
0
0
6,35
20
52,5
True
wall_552
wall
-717
0
317
0
0
0
6,35
20
54,5
True
wall_556
wall
-63
0
737
0
90
0
6,35
20
46,5
True
wall_560
wall
-73
0
832
0
90
0
6,35
20
66,5
True
wall_564
wall
-422
0
780,5
0
0
0
6,35
20
55,5
True
wall_568
wall
-652
0
317
0
90
0
6,35
20
114,5
True
wall_572
wall
-908,5
0
905
0
270
0
6,35
20
55,5
True
wall_576
wall
-641
0
766,5
0
180
0
6,35
20
25,5
True
wall_580
wall
-591
0
316,5
0
0
0
6,35
20
55,5
True
wall_584
wall
-761
0
779,5
0
0
0
6,35
20
51,5
True
wall_588
wall
-913
0
266
0
270
0
6,35
20
56,5
True
wall_592
wall
-910
0
781
0
90
0
6,35
20
58,5
True
wall_596
wall
-69,5
0
539,5
0
341,5651
0
6,35
20
9,986833
True
wall_600
wall
-713
0
315
0
0
0
6,35
20
58,5
True
wall_604
wall
-94,5
0
670
0
270
0
6,35
20
27,5
True
wall_608
wall
-94,5
0
673
0
90
0
6,35
20
27,5
True
wall_612
wall
-710
0
331
0
180
0
6,35
20
26,5
True
wall_616
wall
-589
0
315
0
180
0
6,35
20
58,5
True
wall_620
wall
-909,5
0
908
0
90
0
6,35
20
57,5
True
wall_624
wall
-71,5
0
718
0
270
0
6,35
20
63,5
True
wall_628
wall
-913
0
204
0
180
0
6,35
20
112,5
True
wall_632
wall
-548
0
780,5
0
0
0
6,35
20
59,5
True
wall_636
wall
-463
0
332
0
180
0
6,35
20
22,5
True
wall_640
wall
-463
0
301,5
0
180
0
6,35
20
27,5
True
wall_644
wall
-710
0
299,5
0
180
0
6,35
20
27,5
True
wall_648
wall
-74
0
813
0
270
0
6,35
20
68,5
True
wall_652
wall
-71
0
784
0
90
0
6,35
20
60,5
True
wall_656
wall
-54
0
753
0
90
0
6,35
20
28,5
True
wall_660
wall
-95
0
750
0
270
0
6,35
20
22,5
True
wall_664
wall
-915
0
140
0
270
0
6,35
20
58,5
True
wall_668
wall
-54
0
750
0
270
0
6,35
20
28,5
True
wall_672
wall
-73
0
799
0
90
0
6,35
20
66,5
True
wall_676
wall
-594
0
299,5
0
180
0
6,35
20
23,5
True
wall_680
wall
-763,5
0
779,5
0
181,0051
0
6,35
20
57,50877
True
wall_684
wall
-639
0
777,5
0
0
0
6,35
20
57,5
True
wall_688
wall
-594
0
331,5
0
180
0
6,35
20
17,5
True
wall_692
wall
-898
0
264
0
90
0
6,35
20
24,5
True
wall_696
wall
-915,5
0
143
0
90
0
6,35
20
55,5
True
wall_700
wall
-545
0
782
0
180
0
6,35
20
56,5
True
wall_704
wall
-579
0
299,5
0
180
0
6,35
20
27,5
True
wall_708
wall
-94,5
0
688
0
90
0
6,35
20
27,5
True
wall_712
wall
-543
0
782
0
0
0
6,35
20
56,5
True
wall_716
wall
-915,5
0
268
0
90
0
6,35
20
55,5
True
wall_720
wall
-419
0
779,5
0
180
0
6,35
20
57,5
True
wall_724
wall
-910
0
779
0
270
0
6,35
20
58,5
True
wall_728
wall
-579
0
330
0
180
0
6,35
20
28,5
True
wall_732
wall
-643,5
0
794,5
0
356,6335
0
6,35
20
17,52939
True
wall_736
wall
-759
0
793
0
180
0
6,35
20
24,5
True
wall_740
wall
-653,5
0
314
0
270
0
6,35
20
111,5
True
wall_744
wall
-759
0
765
0
180
0
6,35
20
22,5
True
wall_748
wall
-643
0
765
0
0
0
6,35
20
22,5
True
wall_752
wall
-73
0
829
0
270
0
6,35
20
66,5
True
wall_756
wall
-63
0
734
0
270
0
6,35
20
46,5
True
wall_760
wall
-584
0
314,5
0
180
0
6,35
20
53,5
True
wall_764
wall
-931
0
144
0
270
0
6,35
20
26,5
True
wall_768
wall
-714
0
315,5
0
180
0
6,35
20
51,5
True
wall_772
wall
-900,5
0
144
0
270
0
6,35
20
25,5
True
roof
roof
-549
10
532,5
0
180
0
1046
1
1013
False
roof
roof
-549
10
532,5
0
180
0
1046
1
1013
False
roof
roof
-549
10
532,5
0
180
0
1046
1
1013
False
roof
roof
-549
10
532,5
0
180
0
1046
1
1013
False
roof
roof
-549
10
532,5
0
180
0
1046
1
1013
False
roof
roof
-549
10
532,5
0
180
0
1046
1
1013
False
roof
roof
-549
10
532,5
0
180
0
1046
1
1013
False
roof
roof
-549
10
532,5
0
180
0
1046
1
1013
False
roof
roof
-549
10
532,5
0
180
0
1046
1
1013
False
roof
roof
-549
10
532,5
0
180
0
1046
1
1013
False
roof
roof
-549
10
532,5
0
180
0
1046
1
1013
False
roof
roof
-549
10
532,5
0
180
0
1046
1
1013
False
roof
roof
-549
10
532,5
0
180
0
1046
1
1013
False
roof
roof
-549
10
532,5
0
180
0
1046
1
1013
False
roof
roof
-549
10
532,5
0
180
0
1046
1
1013
False
roof
roof
-549
10
532,5
0
270
0
1046
1
1013
False
roof
roof
-549
10
532,5
0
270
0
1046
1
1013
False
