[141, 335, 178, 372]
[739, 343, 776, 380]
[17, 423, 53, 459]
[293, 351, 329, 387]
[152, 0, 170, 18]
[162, 0, 180, 18]
[786, 0, 804, 18]
[788, 1, 806, 19]
[161, 2, 179, 20]
[151, 138, 169, 156]
[150, 139, 168, 157]
[14, 210, 32, 228]
[119, 211, 137, 229]
[308, 345, 326, 363]
[274, 365, 292, 383]
[274, 366, 292, 384]
[146, 378, 164, 396]
[274, 378, 292, 396]
[157, 379, 175, 397]
[179, 566, 197, 584]
[50, 766, 68, 784]
[60, 766, 78, 784]
[170, 766, 188, 784]
[181, 766, 199, 784]
[785, 766, 803, 784]
[787, 767, 805, 785]
[49, 768, 67, 786]
[170, 768, 188, 786]
[205, 768, 223, 786]
[317, 768, 335, 786]
[294, 348, 330, 384]
