wall_0
wall
-359.5
0
185.5
0
356.9872
0
0.9500037
21.40001
19.5263
True
wall_4
wall
-521.5
0
284
0
270
0
0.9500037
21.40001
13.5
True
wall_8
wall
-672.5
0
284
0
270
0
0.9500037
21.40001
15.5
True
wall_12
wall
-264
0
203.5
0
180
0
0.9500037
21.40001
15.5
True
wall_16
wall
-1134.5
0
318
0
86.0548
0
0.9500037
21.40001
29.56888
True
wall_20
wall
-359
0
236
0
0
0
0.9500037
21.40001
20.5
True
wall_24
wall
-470.5
0
289
0
90
0
0.9500037
21.40001
11.5
True
wall_28
wall
-408.5
0
242
0
175.2364
0
0.9500037
21.40001
12.54159
True
wall_32
wall
-511.5
0
309
0
270
0
0.9500037
21.40001
13.5
True
wall_36
wall
-621
0
284
0
270
0
0.9500037
21.40001
16.5
True
wall_40
wall
-472
0
284
0
270
0
0.9500037
21.40001
16.5
True
wall_44
wall
-479
0
439
0
270
0
0.9500037
21.40001
20.5
True
wall_48
wall
-1108.5
0
318.5
0
96.34019
0
0.9500037
21.40001
9.555386
True
wall_52
wall
-334.5
0
139.5
0
98.1301
0
0.9500037
21.40001
7.571068
True
wall_56
wall
-219
0
369.5
0
0
0
0.9500037
21.40001
11.5
True
wall_60
wall
-938
0
313.5
0
271.9091
0
0.9500037
21.40001
30.51666
True
wall_64
wall
-128.5
0
359
0
90
0
0.9500037
21.40001
15.5
True
wall_68
wall
-311.5
0
303
0
254.0546
0
0.9500037
21.40001
7.78011
True
wall_72
wall
-953.5
0
400
0
172.875
0
0.9500037
21.40001
8.562258
True
wall_76
wall
-402
0
329.5
0
88.63608
0
0.9500037
21.40001
42.5119
True
wall_80
wall
-233
0
384
0
90
0
0.9500037
21.40001
26.5
True
wall_84
wall
-157
0
314
0
270
0
0.9500037
21.40001
92.5
True
wall_88
wall
-573.5
0
392.5
0
358.6678
0
0.9500037
21.40001
43.51163
True
wall_92
wall
-820.5
0
229
0
270
0
0.9500037
21.40001
9.5
True
wall_96
wall
-315.5
0
313.5
0
266.1859
0
0.9500037
21.40001
15.5333
True
wall_100
wall
-240
0
313.5
0
271.1458
0
0.9500037
21.40001
50.51
True
wall_104
wall
-408.5
0
217
0
172.875
0
0.9500037
21.40001
8.562258
True
wall_108
wall
-899.5
0
388
0
276.7098
0
0.9500037
21.40001
17.61724
True
wall_112
wall
-333.5
0
359
0
270
0
0.9500037
21.40001
15.5
True
wall_116
wall
-1114
0
277.5
0
0
0
0.9500037
21.40001
13.5
True
wall_120
wall
-301
0
358.5
0
264.2894
0
0.9500037
21.40001
10.54988
True
wall_124
wall
-891
0
313.5
0
271.3019
0
0.9500037
21.40001
44.51136
True
wall_128
wall
-344
0
313
0
270
0
0.9500037
21.40001
38.5
True
wall_132
wall
-628.5
0
264
0
90
0
0.9500037
21.40001
21.5
True
wall_136
wall
-914.5
0
304
0
270
0
0.9500037
21.40001
17.5
True
wall_140
wall
-359.5
0
358.5
0
273.3665
0
0.9500037
21.40001
17.52939
True
wall_144
wall
-494
0
302
0
0
0
0.9500037
21.40001
12.5
True
wall_148
wall
-519.5
0
438.5
0
266.6335
0
0.9500037
21.40001
17.52939
True
wall_152
wall
-1114
0
307
0
0
0
0.9500037
21.40001
22.5
True
wall_156
wall
-224
0
203.5
0
94.76364
0
0.9500037
21.40001
12.54159
True
wall_160
wall
-246.5
0
266.5
0
251.5651
0
0.9500037
21.40001
22.63594
True
wall_164
wall
-1040
0
378
0
68.19859
0
0.9500037
21.40001
11.27033
True
wall_168
wall
-154
0
375
0
0
0
0.9500037
21.40001
12.5
True
wall_172
wall
-968.5
0
215
0
182.6026
0
0.9500037
21.40001
22.52271
True
wall_176
wall
-1126
0
361
0
292.6199
0
0.9500037
21.40001
26.5
True
wall_180
wall
-339
0
159
0
270
0
0.9500037
21.40001
38.5
True
wall_184
wall
-1064
0
391
0
0
0
0.9500037
21.40001
16.5
True
wall_188
wall
-1049
0
480.5
0
0
0
0.9500037
21.40001
11.5
True
wall_192
wall
-7
0
67.5
0
3.094058
0
0.9500037
21.40001
37.55402
True
wall_196
wall
-256
0
156
0
330.9454
0
0.9500037
21.40001
41.68252
True
wall_200
wall
-659
0
310
0
270
0
0.9500037
21.40001
12.5
True
wall_204
wall
-308
0
168.5
0
0
0
0.9500037
21.40001
15.5
True
wall_208
wall
-23
0
545
0
90
0
0.9500037
21.40001
46.5
True
wall_212
wall
-370
0
183.5
0
0
0
0.9500037
21.40001
11.5
True
wall_216
wall
-405.5
0
132.5
0
276.3402
0
0.9500037
21.40001
9.555386
True
wall_220
wall
-423
0
168
0
0
0
0.9500037
21.40001
14.5
True
wall_224
wall
-355
0
192
0
180
0
0.9500037
21.40001
18.5
True
wall_228
wall
-776.5
0
312.5
0
273.3665
0
0.9500037
21.40001
17.52939
True
wall_232
wall
-1015.5
0
328
0
270
0
0.9500037
21.40001
15.5
True
wall_236
wall
-394.5
0
318
0
270
0
0.9500037
21.40001
41.5
True
wall_240
wall
-617.5
0
393
0
181.5911
0
0.9500037
21.40001
36.51389
True
wall_244
wall
-269.5
0
202.5
0
355.6013
0
0.9500037
21.40001
13.5384
True
wall_248
wall
-995
0
366
0
0
0
0.9500037
21.40001
16.5
True
wall_252
wall
-522
0
290
0
90
0
0.9500037
21.40001
18.5
True
wall_256
wall
-1030.5
0
328
0
270
0
0.9500037
21.40001
11.5
True
wall_260
wall
-1280
0
299
0
0
0
0.9500037
21.40001
10.5
True
wall_264
wall
-618.5
0
290
0
90
0
0.9500037
21.40001
11.5
True
wall_268
wall
-386
0
170
0
90
0
0.9500037
21.40001
40.5
True
wall_272
wall
-551
0
485
0
90
0
0.9500037
21.40001
70.5
True
wall_276
wall
-484.5
0
465
0
270
0
0.9500037
21.40001
13.5
True
wall_280
wall
-700.5
0
320
0
90
0
0.9500037
21.40001
29.5
True
wall_284
wall
-775
0
285
0
270
0
0.9500037
21.40001
8.5
True
wall_288
wall
-1221
0
373
0
270
0
0.9500037
21.40001
10.5
True
wall_292
wall
-403
0
358
0
90
0
0.9500037
21.40001
10.5
True
wall_296
wall
-242
0
275.5
0
84.28941
0
0.9500037
21.40001
10.54988
True
wall_300
wall
-670
0
160
0
90
0
0.9500037
21.40001
10.5
True
wall_304
wall
-401
0
353
0
270
0
0.9500037
21.40001
10.5
True
wall_308
wall
-774
0
395
0
90
0
0.9500037
21.40001
8.5
True
wall_312
wall
-990
0
292.5
0
95.71059
0
0.9500037
21.40001
10.54988
True
wall_316
wall
-377
0
425
0
90
0
0.9500037
21.40001
8.5
True
wall_320
wall
-143.5
0
250
0
129.2454
0
0.9500037
21.40001
92.17879
True
wall_324
wall
-235
0
139.5
0
140.2812
0
0.9500037
21.40001
85.00444
True
wall_328
wall
-710
0
310
0
90
0
0.9500037
21.40001
18.5
True
wall_332
wall
-992
0
375
0
180
0
0.9500037
21.40001
12.5
True
wall_336
wall
-392.5
0
187
0
270
0
0.9500037
21.40001
33.5
True
wall_340
wall
-437
0
315
0
90
0
0.9500037
21.40001
12.5
True
wall_344
wall
-670
0
390.5
0
0
0
0.9500037
21.40001
31.5
True
wall_348
wall
-410
0
305
0
90
0
0.9500037
21.40001
20.5
True
wall_352
wall
-855
0
312
0
270
0
0.9500037
21.40001
12.5
True
wall_356
wall
-413
0
224.5
0
0
0
0.9500037
21.40001
9.5
True
wall_360
wall
-117
0
368
0
180
0
0.9500037
21.40001
34.5
True
wall_364
wall
-456
0
482.5
0
275.7106
0
0.9500037
21.40001
10.54988
True
wall_368
wall
-335.5
0
167
0
270
0
0.9500037
21.40001
45.5
True
wall_372
wall
-459
0
407
0
352.875
0
0.9500037
21.40001
16.62452
True
wall_376
wall
-119
0
428
0
180
0
0.9500037
21.40001
66.5
True
wall_380
wall
-329.5
0
204
0
270
0
0.9500037
21.40001
31.5
True
wall_384
wall
-487
0
143.5
0
274.7636
0
0.9500037
21.40001
12.54159
True
wall_388
wall
-154
0
449.5
0
0
0
0.9500037
21.40001
29.5
True
wall_392
wall
-319
0
268.5
0
180
0
0.9500037
21.40001
11.5
True
wall_396
wall
-1214
0
392.5
0
0
0
0.9500037
21.40001
17.5
True
wall_400
wall
-248.5
0
370
0
177.1376
0
0.9500037
21.40001
20.52498
True
wall_404
wall
-384
0
371.5
0
0
0
0.9500037
21.40001
13.5
True
wall_408
wall
-474
0
243.5
0
0
0
0.9500037
21.40001
11.5
True
wall_412
wall
-823
0
418.5
0
76.46415
0
0.9500037
21.40001
56.04278
True
wall_416
wall
-459
0
383
0
0
0
0.9500037
21.40001
14.5
True
wall_420
wall
-168.5
0
375.5
0
185.1944
0
0.9500037
21.40001
11.54536
True
wall_424
wall
-564
0
383.5
0
0
0
0.9500037
21.40001
15.5
True
wall_428
wall
-564
0
407
0
0
0
0.9500037
21.40001
12.5
True
wall_432
wall
-1259
0
171
0
0
0
0.9500037
21.40001
10.5
True
wall_436
wall
-374.5
0
329
0
90
0
0.9500037
21.40001
11.5
True
wall_440
wall
-474.5
0
229
0
5.710593
0
0.9500037
21.40001
10.54988
True
wall_444
wall
-820
0
199
0
90
0
0.9500037
21.40001
10.5
True
wall_448
wall
-387
0
224
0
270
0
0.9500037
21.40001
32.5
True
wall_452
wall
-1103.5
0
360
0
252.4744
0
0.9500037
21.40001
20.42486
True
wall_456
wall
-384
0
417
0
0
0
0.9500037
21.40001
14.5
True
wall_460
wall
-413
0
165.5
0
0
0
0.9500037
21.40001
11.5
True
wall_464
wall
-1329
0
465.5
0
0
0
0.9500037
21.40001
21.5
True
wall_468
wall
-898.5
0
303.5
0
264.8056
0
0.9500037
21.40001
11.54536
True
wall_472
wall
-350
0
155
0
90
0
0.9500037
21.40001
12.5
True
wall_476
wall
-1276.5
0
214
0
90
0
0.9500037
21.40001
17.5
True
wall_480
wall
-1277
0
178.5
0
266.4236
0
0.9500037
21.40001
16.53122
True
wall_484
wall
-485
0
169
0
90
0
0.9500037
21.40001
22.5
True
wall_488
wall
-662.5
0
129
0
90
0
0.9500037
21.40001
13.5
True
wall_492
wall
-666
0
264
0
90
0
0.9500037
21.40001
16.5
True
wall_496
wall
-382
0
203
0
90
0
0.9500037
21.40001
18.5
True
wall_500
wall
-946
0
264
0
270
0
0.9500037
21.40001
24.5
True
wall_504
wall
-982
0
214
0
90
0
0.9500037
21.40001
18.5
True
wall_508
wall
-982.5
0
263.5
0
266.6335
0
0.9500037
21.40001
17.52939
True
wall_512
wall
-493
0
353.5
0
266.4236
0
0.9500037
21.40001
16.53122
True
wall_516
wall
-1114
0
469.5
0
0
0
0.9500037
21.40001
17.5
True
wall_520
wall
-588.5
0
354
0
270
0
0.9500037
21.40001
15.5
True
wall_524
wall
-1106.5
0
288.5
0
274.3987
0
0.9500037
21.40001
13.5384
True
wall_528
wall
-1252.5
0
289
0
270
0
0.9500037
21.40001
15.5
True
wall_532
wall
-984
0
244
0
270
0
0.9500037
21.40001
10.5
True
wall_536
wall
-485.5
0
182
0
270
0
0.9500037
21.40001
21.5
True
wall_540
wall
-413
0
203.5
0
0
0
0.9500037
21.40001
11.5
True
wall_544
wall
-903.5
0
309
0
270
0
0.9500037
21.40001
19.5
True
wall_548
wall
-608.5
0
314
0
90
0
0.9500037
21.40001
9.5
True
wall_552
wall
-538.5
0
314
0
90
0
0.9500037
21.40001
35.5
True
wall_556
wall
-665.5
0
244
0
90
0
0.9500037
21.40001
19.5
True
wall_560
wall
-652.5
0
275.5
0
183.8141
0
0.9500037
21.40001
15.5333
True
wall_564
wall
-222
0
484
0
270
0
0.9500037
21.40001
16.5
True
wall_568
wall
-428
0
165.5
0
180
0
0.9500037
21.40001
11.5
True
wall_572
wall
-802
0
249.5
0
180
0
0.9500037
21.40001
19.5
True
wall_576
wall
-163
0
376
0
0
0
0.9500037
21.40001
10.5
True
wall_580
wall
-1092
0
428
0
90
0
0.9500037
21.40001
8.5
True
wall_584
wall
-976
0
287.5
0
257.9052
0
0.9500037
21.40001
14.81782
True
wall_588
wall
-303.5
0
370
0
90
0
0.9500037
21.40001
21.5
True
wall_592
wall
-9.5
0
108
0
174.2894
0
0.9500037
21.40001
10.54988
True
wall_596
wall
-1274
0
278.5
0
95.71059
0
0.9500037
21.40001
10.54988
True
wall_600
wall
-1199
0
383.5
0
84.28941
0
0.9500037
21.40001
10.54988
True
wall_604
wall
-159.5
0
375
0
175.2364
0
0.9500037
21.40001
12.54159
True
wall_608
wall
-958
0
318
0
90
0
0.9500037
21.40001
16.5
True
wall_612
wall
-192
0
425
0
90
0
0.9500037
21.40001
12.5
True
wall_616
wall
-392.5
0
207.5
0
271.6366
0
0.9500037
21.40001
35.51428
True
wall_620
wall
-1311
0
343.5
0
95.71059
0
0.9500037
21.40001
10.54988
True
wall_624
wall
-413
0
181
0
0
0
0.9500037
21.40001
16.5
True
wall_628
wall
-403.5
0
178
0
90
0
0.9500037
21.40001
15.5
True
wall_632
wall
-414.5
0
369.5
0
182.7263
0
0.9500037
21.40001
21.5238
True
wall_636
wall
-417.5
0
372.5
0
3.814075
0
0.9500037
21.40001
15.5333
True
wall_640
wall
-387
0
210.5
0
88.49256
0
0.9500037
21.40001
38.51316
True
wall_644
wall
-2.5
0
52.5
0
195.2551
0
0.9500037
21.40001
11.90175
True
wall_648
wall
-85.5
0
183.5
0
316.0609
0
0.9500037
21.40001
229.6419
True
wall_652
wall
-205
0
300.5
0
0
0
0.9500037
21.40001
21.5
True
wall_656
wall
-492
0
185
0
90
0
0.9500037
21.40001
8.5
True
wall_660
wall
-202
0
301.5
0
180
0
0.9500037
21.40001
23.5
True
wall_664
wall
-1321
0
330.5
0
94.08562
0
0.9500037
21.40001
14.53567
True
wall_668
wall
-1315
0
453
0
0
0
0.9500037
21.40001
44.5
True
wall_672
wall
-667
0
398.5
0
180
0
0.9500037
21.40001
15.5
True
wall_676
wall
-1312
0
453
0
180
0
0.9500037
21.40001
44.5
True
wall_680
wall
-1130
0
200
0
90
0
0.9500037
21.40001
10.5
True
wall_684
wall
-120
0
372.5
0
0
0
0.9500037
21.40001
25.5
True
wall_688
wall
-386
0
352.5
0
264.2894
0
0.9500037
21.40001
10.54988
True
wall_692
wall
-703
0
317
0
274.7636
0
0.9500037
21.40001
24.58319
True
wall_696
wall
-1327
0
381
0
180
0
0.9500037
21.40001
10.5
True
wall_700
wall
-1330
0
381
0
0
0
0.9500037
21.40001
10.5
True
wall_704
wall
-170.5
0
135
0
90
0
0.9500037
21.40001
11.5
True
wall_708
wall
-39
0
542.5
0
264.2894
0
0.9500037
21.40001
10.54988
True
wall_712
wall
-336
0
170
0
90
0
0.9500037
21.40001
44.5
True
wall_716
wall
-815.5
0
130
0
90
0
0.9500037
21.40001
11.5
True
wall_720
wall
-1294.5
0
330.5
0
92.48956
0
0.9500037
21.40001
23.52173
True
wall_724
wall
-667
0
377.5
0
180
0
0.9500037
21.40001
15.5
True
wall_728
wall
-1240.5
0
197
0
270
0
0.9500037
21.40001
19.5
True
wall_732
wall
-982
0
197
0
270
0
0.9500037
21.40001
18.5
True
wall_736
wall
-742
0
374
0
180
0
0.9500037
21.40001
10.5
True
wall_740
wall
-745
0
374
0
0
0
0.9500037
21.40001
10.5
True
wall_744
wall
-778.5
0
242
0
270
0
0.9500037
21.40001
25.5
True
wall_748
wall
-369
0
155
0
90
0
0.9500037
21.40001
10.5
True
wall_752
wall
-950.5
0
280.5
0
5.194429
0
0.9500037
21.40001
11.54536
True
wall_756
wall
-1321
0
327
0
270
0
0.9500037
21.40001
14.5
True
wall_760
wall
-947.5
0
177
0
270
0
0.9500037
21.40001
23.5
True
wall_764
wall
-1098.5
0
200
0
90
0
0.9500037
21.40001
21.5
True
wall_768
wall
-1277
0
200
0
90
0
0.9500037
21.40001
16.5
True
wall_772
wall
-1277.5
0
197
0
270
0
0.9500037
21.40001
15.5
True
wall_776
wall
-170.5
0
132
0
270
0
0.9500037
21.40001
11.5
True
wall_780
wall
-947.5
0
180
0
90
0
0.9500037
21.40001
23.5
True
wall_784
wall
-1295.5
0
327.5
0
272.2906
0
0.9500037
21.40001
25.51999
True
wall_788
wall
-547
0
475
0
90
0
0.9500037
21.40001
12.5
True
wall_792
wall
-620
0
398
0
0
0
0.9500037
21.40001
20.5
True
wall_796
wall
-805.5
0
247
0
357.3974
0
0.9500037
21.40001
22.52271
True
wall_800
wall
-778.5
0
245
0
90
0
0.9500037
21.40001
25.5
True
wall_804
wall
-554
0
482
0
270
0
0.9500037
21.40001
28.5
True
wall_808
wall
-577.5
0
482.5
0
263.6598
0
0.9500037
21.40001
9.555386
True
wall_812
wall
-982.5
0
200
0
90
0
0.9500037
21.40001
17.5
True
wall_816
wall
-638
0
482
0
270
0
0.9500037
21.40001
16.5
True
wall_820
wall
-664.5
0
272
0
270
0
0.9500037
21.40001
13.5
True
wall_824
wall
-401
0
190
0
90
0
0.9500037
21.40001
20.5
True
wall_828
wall
-627.5
0
230.5
0
87.51044
0
0.9500037
21.40001
23.52173
True
wall_832
wall
-372
0
167
0
270
0
0.9500037
21.40001
12.5
True
wall_836
wall
-779.5
0
262
0
270
0
0.9500037
21.40001
23.5
True
wall_840
wall
-1098.5
0
197
0
270
0
0.9500037
21.40001
21.5
True
wall_844
wall
-544.5
0
472
0
270
0
0.9500037
21.40001
13.5
True
wall_848
wall
-1328.5
0
345
0
90
0
0.9500037
21.40001
11.5
True
wall_852
wall
-455.5
0
485.5
0
96.34019
0
0.9500037
21.40001
9.555386
True
wall_856
wall
-665
0
230
0
90
0
0.9500037
21.40001
20.5
True
wall_860
wall
-1265.5
0
527
0
270
0
0.9500037
21.40001
21.5
True
wall_864
wall
-1198.5
0
402
0
270
0
0.9500037
21.40001
9.5
True
wall_868
wall
-381
0
190
0
90
0
0.9500037
21.40001
10.5
True
wall_872
wall
-664.5
0
275
0
90
0
0.9500037
21.40001
13.5
True
wall_876
wall
-638
0
485
0
90
0
0.9500037
21.40001
16.5
True
wall_880
wall
-815.5
0
127
0
270
0
0.9500037
21.40001
11.5
True
wall_884
wall
-1240.5
0
200
0
90
0
0.9500037
21.40001
19.5
True
wall_888
wall
-666.5
0
227.5
0
266.6335
0
0.9500037
21.40001
17.52939
True
wall_892
wall
-1265.5
0
530
0
90
0
0.9500037
21.40001
21.5
True
wall_896
wall
-898
0
390.5
0
93.57634
0
0.9500037
21.40001
16.53122
True
wall_900
wall
-306.5
0
367
0
270
0
0.9500037
21.40001
15.5
True
wall_904
wall
-627
0
227
0
270
0
0.9500037
21.40001
18.5
True
wall_908
wall
-779.5
0
265
0
90
0
0.9500037
21.40001
23.5
True
wall_912
wall
-205
0
221
0
90
0
0.9500037
21.40001
12.5
True
wall_916
wall
-802.5
0
276.5
0
184.3987
0
0.9500037
21.40001
13.5384
True
wall_920
wall
-1111
0
361.5
0
83.88449
0
0.9500037
21.40001
28.66026
True
wall_924
wall
-1114.5
0
449.5
0
275.1944
0
0.9500037
21.40001
11.54536
True
wall_928
wall
-923
0
417.5
0
101.7683
0
0.9500037
21.40001
25.0153
True
wall_932
wall
-485.5
0
250
0
270
0
0.9500037
21.40001
21.5
True
wall_936
wall
-651
0
420
0
270
0
0.9500037
21.40001
46.5
True
wall_940
wall
-1098.5
0
450
0
270
0
0.9500037
21.40001
15.5
True
wall_944
wall
-644
0
445
0
270
0
0.9500037
21.40001
48.5
True
wall_948
wall
-710
0
305
0
90
0
0.9500037
21.40001
18.5
True
wall_952
wall
-160
0
358
0
90
0
0.9500037
21.40001
22.5
True
wall_956
wall
-508
0
277.5
0
266.4236
0
0.9500037
21.40001
16.53122
True
wall_960
wall
-656.5
0
358.5
0
293.1986
0
0.9500037
21.40001
23.34732
True
wall_964
wall
-1119.5
0
246
0
177.1376
0
0.9500037
21.40001
20.52498
True
wall_968
wall
-523
0
249.5
0
0
0
0.9500037
21.40001
13.5
True
wall_972
wall
-647.5
0
359
0
97.59464
0
0.9500037
21.40001
15.63275
True
wall_976
wall
-838.5
0
412
0
260.9097
0
0.9500037
21.40001
25.81798
True
wall_980
wall
-1188.5
0
383.5
0
96.34019
0
0.9500037
21.40001
9.555386
True
wall_984
wall
-489.5
0
288
0
90
0
0.9500037
21.40001
11.5
True
wall_988
wall
-175.5
0
265.5
0
295.0169
0
0.9500037
21.40001
17.05295
True
wall_992
wall
-721
0
374
0
281.3099
0
0.9500037
21.40001
10.69804
True
wall_996
wall
-662.5
0
426
0
5.710593
0
0.9500037
21.40001
10.54988
True
wall_1000
wall
-660
0
427
0
180
0
0.9500037
21.40001
12.5
True
wall_1004
wall
-789.5
0
287
0
276.7098
0
0.9500037
21.40001
17.61724
True
wall_1008
wall
-121
0
24.5
0
120.2564
0
0.9500037
21.40001
14.39244
True
wall_1012
wall
-1120.5
0
311.5
0
198.435
0
0.9500037
21.40001
9.986833
True
wall_1016
wall
-1120
0
185
0
180
0
0.9500037
21.40001
18.5
True
wall_1020
wall
-1270.5
0
296.5
0
246.8014
0
0.9500037
21.40001
8.115773
True
wall_1024
wall
-1122.5
0
185
0
4.763641
0
0.9500037
21.40001
12.54159
True
wall_1028
wall
-284.5
0
455.5
0
66.80141
0
0.9500037
21.40001
8.115773
True
wall_1032
wall
-637
0
356.5
0
259.3803
0
0.9500037
21.40001
16.77882
True
wall_1036
wall
-640
0
299.5
0
180
0
0.9500037
21.40001
11.5
True
wall_1040
wall
-217.5
0
222
0
299.7449
0
0.9500037
21.40001
8.562258
True
wall_1044
wall
-505
0
194.5
0
180
0
0.9500037
21.40001
11.5
True
wall_1048
wall
-635.5
0
359.5
0
71.56505
0
0.9500037
21.40001
9.986833
True
wall_1052
wall
-488.5
0
285.5
0
263.6598
0
0.9500037
21.40001
9.555386
True
wall_1056
wall
-422.5
0
223
0
9.462322
0
0.9500037
21.40001
6.582763
True
wall_1060
wall
-782
0
370
0
164.0546
0
0.9500037
21.40001
15.06022
True
wall_1064
wall
-254
0
270.5
0
70.34618
0
0.9500037
21.40001
15.36607
True
wall_1068
wall
-352
0
422
0
315
0
0.9500037
21.40001
6.156854
True
wall_1072
wall
-823.5
0
406
0
349.3803
0
0.9500037
21.40001
16.77882
True
wall_1076
wall
-1109
0
312.5
0
262.875
0
0.9500037
21.40001
8.562258
True
wall_1080
wall
-771.5
0
417.5
0
156.8014
0
0.9500037
21.40001
8.115773
True
wall_1084
wall
-1179.5
0
392
0
183.5763
0
0.9500037
21.40001
16.53122
True
wall_1088
wall
-785
0
403.5
0
250.71
0
0.9500037
21.40001
21.68962
True
wall_1092
wall
-1120
0
214.5
0
180
0
0.9500037
21.40001
19.5
True
wall_1096
wall
-440.5
0
172.5
0
341.5651
0
0.9500037
21.40001
9.986833
True
wall_1100
wall
-911
0
412
0
279.4623
0
0.9500037
21.40001
12.66553
True
wall_1104
wall
-226.5
0
222
0
240.2551
0
0.9500037
21.40001
8.562258
True
wall_1108
wall
-2.5
0
91.5
0
161.565
0
0.9500037
21.40001
9.986833
True
wall_1112
wall
-794.5
0
354.5
0
270.971
0
0.9500037
21.40001
59.50847
True
wall_1116
wall
-365.5
0
183.5
0
183.8141
0
0.9500037
21.40001
15.5333
True
wall_1120
wall
-1023.5
0
456.5
0
35.53768
0
0.9500037
21.40001
9.102325
True
wall_1124
wall
-28
0
541.5
0
274.7636
0
0.9500037
21.40001
12.54159
True
wall_1128
wall
-523
0
215.5
0
0
0
0.9500037
21.40001
51.5
True
wall_1132
wall
-756.5
0
445.5
0
59.3814
0
0.9500037
21.40001
57.43856
True
wall_1136
wall
-401
0
233.5
0
84.28941
0
0.9500037
21.40001
10.54988
True
wall_1140
wall
-225.5
0
225.5
0
74.74488
0
0.9500037
21.40001
11.90175
True
wall_1144
wall
-468
0
430.5
0
0
0
0.9500037
21.40001
15.5
True
wall_1148
wall
-1021
0
320
0
270
0
0.9500037
21.40001
26.5
True
wall_1152
wall
-200
0
93
0
315
0
0.9500037
21.40001
20.29899
True
wall_1156
wall
-396
0
326
0
270
0
0.9500037
21.40001
54.5
True
wall_1160
wall
-61.5
0
169
0
136.5316
0
0.9500037
21.40001
132.7762
True
wall_1164
wall
-1200.5
0
368
0
136.4688
0
0.9500037
21.40001
28.08623
True
wall_1168
wall
-181
0
83.5
0
135.6161
0
0.9500037
21.40001
66.26473
True
wall_1172
wall
-1023
0
331.5
0
88.09085
0
0.9500037
21.40001
30.51666
True
wall_1176
wall
-1036
0
479.5
0
134.3414
0
0.9500037
21.40001
62.02235
True
wall_1180
wall
-351
0
316
0
90
0
0.9500037
21.40001
34.5
True
wall_1184
wall
-8.5
0
90.5
0
336.8014
0
0.9500037
21.40001
8.115773
True
wall_1188
wall
-763
0
430.5
0
340.0169
0
0.9500037
21.40001
12.2047
True
wall_1192
wall
-512.5
0
235
0
270
0
0.9500037
21.40001
13.5
True
wall_1196
wall
-512.5
0
250
0
270
0
0.9500037
21.40001
13.5
True
wall_1200
wall
-505
0
241
0
180
0
0.9500037
21.40001
10.5
True
wall_1204
wall
-1058
0
438
0
90
0
0.9500037
21.40001
16.5
True
wall_1208
wall
-497.5
0
286
0
282.5288
0
0.9500037
21.40001
9.719544
True
wall_1212
wall
-233
0
127
0
315
0
0.9500037
21.40001
34.44112
True
wall_1216
wall
-148
0
50
0
138.3665
0
0.9500037
21.40001
24.58319
True
wall_1220
wall
-183.5
0
77
0
313.2643
0
0.9500037
21.40001
23.84524
True
wall_1224
wall
-163.5
0
57.5
0
317.6026
0
0.9500037
21.40001
31.64482
True
wall_1228
wall
-789.5
0
300.5
0
185.1944
0
0.9500037
21.40001
11.54536
True
wall_1232
wall
-48.5
0
543.5
0
299.0546
0
0.9500037
21.40001
10.79563
True
wall_1236
wall
-323.5
0
299
0
199.6538
0
0.9500037
21.40001
15.36607
True
wall_1240
wall
-944
0
319.5
0
131.1859
0
0.9500037
21.40001
11.13015
True
wall_1244
wall
-126.5
0
20
0
310.6013
0
0.9500037
21.40001
9.719544
True
wall_1248
wall
-398.5
0
321
0
90
0
0.9500037
21.40001
49.5
True
wall_1252
wall
-989.5
0
443.5
0
120.9638
0
0.9500037
21.40001
52.97857
True
wall_1256
wall
-956.5
0
427
0
111.8014
0
0.9500037
21.40001
16.65549
True
wall_1260
wall
-661
0
140
0
165.9638
0
0.9500037
21.40001
8.746211
True
wall_1264
wall
-417
0
167.5
0
180
0
0.9500037
21.40001
13.5
True
wall_1268
wall
-516
0
457.5
0
110.556
0
0.9500037
21.40001
9.044003
True
wall_1272
wall
-377
0
357.5
0
94.76364
0
0.9500037
21.40001
12.54159
True
wall_1276
wall
-637
0
310.5
0
243.4349
0
0.9500037
21.40001
7.208204
True
wall_1280
wall
-397.5
0
175.5
0
274.3987
0
0.9500037
21.40001
13.5384
True
wall_1284
wall
-641
0
282.5
0
195.9454
0
0.9500037
21.40001
7.78011
True
wall_1288
wall
-943
0
286.5
0
260.5377
0
0.9500037
21.40001
6.582763
True
wall_1292
wall
-816.5
0
286
0
263.2902
0
0.9500037
21.40001
17.61724
True
wall_1296
wall
-776.5
0
422
0
342.646
0
0.9500037
21.40001
17.26305
True
wall_1300
wall
-794.5
0
357
0
90
0
0.9500037
21.40001
31.5
True
wall_1304
wall
-967
0
418
0
203.1986
0
0.9500037
21.40001
15.73155
True
wall_1308
wall
-661
0
158
0
180
0
0.9500037
21.40001
10.5
True
wall_1312
wall
-119
0
17
0
303.6901
0
0.9500037
21.40001
7.711102
True
wall_1316
wall
-973.5
0
408
0
292.8336
0
0.9500037
21.40001
21.11553
True
wall_1320
wall
-349.5
0
426
0
90
0
0.9500037
21.40001
9.5
True
wall_1324
wall
-486
0
470.5
0
29.74488
0
0.9500037
21.40001
8.562258
True
wall_1328
wall
-1172
0
383.5
0
85.91438
0
0.9500037
21.40001
14.53567
True
wall_1332
wall
-465.5
0
443
0
177.7974
0
0.9500037
21.40001
26.51922
True
wall_1336
wall
-455.5
0
405
0
159.444
0
0.9500037
21.40001
9.044003
True
wall_1340
wall
-239
0
381.5
0
264.2894
0
0.9500037
21.40001
10.54988
True
wall_1344
wall
-316.5
0
316.5
0
86.63353
0
0.9500037
21.40001
17.52939
True
wall_1348
wall
-1281.5
0
286.5
0
265.6013
0
0.9500037
21.40001
13.5384
True
wall_1352
wall
-319
0
449
0
33.69007
0
0.9500037
21.40001
7.711102
True
wall_1356
wall
-223.5
0
200.5
0
264.8056
0
0.9500037
21.40001
11.54536
True
wall_1360
wall
-177.5
0
237.5
0
237.5288
0
0.9500037
21.40001
13.5384
True
wall_1364
wall
-732.5
0
447
0
318.0128
0
0.9500037
21.40001
13.95362
True
wall_1368
wall
-194.5
0
258
0
48.36646
0
0.9500037
21.40001
12.54159
True
wall_1372
wall
-1043.5
0
339.5
0
45
0
0.9500037
21.40001
7.571068
True
wall_1376
wall
-1023.5
0
451
0
216.8699
0
0.9500037
21.40001
15.5
True
wall_1380
wall
-1055.5
0
435.5
0
264.8056
0
0.9500037
21.40001
11.54536
True
wall_1384
wall
-1020.5
0
322
0
90
0
0.9500037
21.40001
25.5
True
wall_1388
wall
-137
0
355.5
0
268.2101
0
0.9500037
21.40001
32.51562
True
wall_1392
wall
-733.5
0
457.5
0
231.1155
0
0.9500037
21.40001
40.32462
True
wall_1396
wall
-770.5
0
434
0
246.0375
0
0.9500037
21.40001
10.34886
True
wall_1400
wall
-158
0
316
0
90
0
0.9500037
21.40001
90.5
True
wall_1404
wall
-531
0
441.5
0
169.6951
0
0.9500037
21.40001
11.68034
True
wall_1408
wall
-488.5
0
265
0
270
0
0.9500037
21.40001
21.5
True
wall_1412
wall
-224.5
0
381.5
0
263.6598
0
0.9500037
21.40001
9.555386
True
wall_1416
wall
-591
0
433
0
90
0
0.9500037
21.40001
20.5
True
wall_1420
wall
-647
0
283.5
0
336.0375
0
0.9500037
21.40001
10.34886
True
wall_1424
wall
-1131
0
366
0
120.9638
0
0.9500037
21.40001
12.1619
True
wall_1428
wall
-408
0
302
0
270
0
0.9500037
21.40001
14.5
True
wall_1432
wall
-704.5
0
433.5
0
83.65981
0
0.9500037
21.40001
9.555386
True
wall_1436
wall
-945
0
400
0
104.0362
0
0.9500037
21.40001
8.746211
True
wall_1440
wall
-947
0
397.5
0
290.5561
0
0.9500037
21.40001
9.044003
True
wall_1444
wall
-693.5
0
445
0
270
0
0.9500037
21.40001
15.5
True
wall_1448
wall
-139.5
0
33
0
310.6013
0
0.9500037
21.40001
9.719544
True
wall_1452
wall
-988.5
0
287
0
254.0546
0
0.9500037
21.40001
7.78011
True
wall_1456
wall
-851.5
0
332.5
0
341.5651
0
0.9500037
21.40001
9.986833
True
wall_1460
wall
-1121
0
435.5
0
260.5377
0
0.9500037
21.40001
6.582763
True
wall_1464
wall
-802.5
0
420.5
0
257.0054
0
0.9500037
21.40001
13.84166
True
wall_1468
wall
-808
0
317.5
0
86.42367
0
0.9500037
21.40001
16.53122
True
wall_1472
wall
-1106.5
0
291.5
0
94.3987
0
0.9500037
21.40001
13.5384
True
wall_1476
wall
-491
0
301
0
180
0
0.9500037
21.40001
14.5
True
wall_1480
wall
-339
0
161
0
90
0
0.9500037
21.40001
38.5
True
wall_1484
wall
-658
0
316
0
90
0
0.9500037
21.40001
16.5
True
wall_1488
wall
-518.5
0
441
0
90
0
0.9500037
21.40001
9.5
True
wall_1492
wall
-419.5
0
302
0
270
0
0.9500037
21.40001
7.5
True
wall_1496
wall
-998.5
0
432
0
210.2564
0
0.9500037
21.40001
14.39244
True
wall_1500
wall
-314
0
361.5
0
164.0546
0
0.9500037
21.40001
7.78011
True
wall_1504
wall
-207
0
371.5
0
265.9144
0
0.9500037
21.40001
14.53567
True
wall_1508
wall
-993.5
0
442.5
0
301.7595
0
0.9500037
21.40001
25.19818
True
wall_1512
wall
-976
0
318
0
90
0
0.9500037
21.40001
14.5
True
wall_1516
wall
-1061.5
0
391.5
0
176.1859
0
0.9500037
21.40001
15.5333
True
wall_1520
wall
-548
0
441
0
90
0
0.9500037
21.40001
26.5
True
wall_1524
wall
-761
0
433.5
0
146.3099
0
0.9500037
21.40001
11.31665
True
wall_1528
wall
-780.5
0
408.5
0
66.80141
0
0.9500037
21.40001
8.115773
True
wall_1532
wall
-993
0
355.5
0
264.2894
0
0.9500037
21.40001
10.54988
True
wall_1536
wall
-933.5
0
286
0
270
0
0.9500037
21.40001
9.5
True
wall_1540
wall
-1
0
72.5
0
180
0
0.9500037
21.40001
27.5
True
wall_1544
wall
-816
0
416.5
0
253.3008
0
0.9500037
21.40001
10.94031
True
wall_1548
wall
-903.5
0
306
0
90
0
0.9500037
21.40001
21.5
True
wall_1552
wall
-425.5
0
338
0
39.80558
0
0.9500037
21.40001
8.310249
True
wall_1556
wall
-676
0
449.5
0
164.0546
0
0.9500037
21.40001
7.78011
True
wall_1560
wall
-823.5
0
371.5
0
225
0
0.9500037
21.40001
10.3995
True
wall_1564
wall
-1237
0
286.5
0
274.7636
0
0.9500037
21.40001
12.54159
True
wall_1568
wall
-769.5
0
366.5
0
95.19443
0
0.9500037
21.40001
11.54536
True
wall_1572
wall
-794
0
162
0
123.6901
0
0.9500037
21.40001
7.711102
True
wall_1576
wall
-1000.5
0
434.5
0
28.30076
0
0.9500037
21.40001
15.26482
True
wall_1580
wall
-720
0
377
0
99.46233
0
0.9500037
21.40001
12.66553
True
wall_1584
wall
-728
0
435
0
233.1301
0
0.9500037
21.40001
10.5
True
wall_1588
wall
-726
0
467
0
45
0
0.9500037
21.40001
14.64214
True
wall_1592
wall
-131
0
514.5
0
267.1376
0
0.9500037
21.40001
20.52498
True
wall_1596
wall
-750
0
420.5
0
243.4349
0
0.9500037
21.40001
11.68034
True
wall_1600
wall
-631
0
198
0
90
0
0.9500037
21.40001
20.5
True
wall_1604
wall
-485.5
0
235
0
270
0
0.9500037
21.40001
21.5
True
wall_1608
wall
-592
0
445
0
270
0
0.9500037
21.40001
22.5
True
wall_1612
wall
-1010
0
443
0
215.5377
0
0.9500037
21.40001
17.70465
True
wall_1616
wall
-1012.5
0
444
0
41.98721
0
0.9500037
21.40001
13.95362
True
wall_1620
wall
-508
0
316
0
90
0
0.9500037
21.40001
20.5
True
wall_1624
wall
-730.5
0
437
0
56.30994
0
0.9500037
21.40001
11.31665
True
wall_1628
wall
-1172.5
0
436
0
270
0
0.9500037
21.40001
13.5
True
wall_1632
wall
-1234
0
402.5
0
50.19443
0
0.9500037
21.40001
8.310249
True
wall_1636
wall
-485.5
0
316
0
90
0
0.9500037
21.40001
11.5
True
wall_1640
wall
-619.5
0
311.5
0
271.8476
0
0.9500037
21.40001
31.51612
True
wall_1644
wall
-465.5
0
406.5
0
184.3987
0
0.9500037
21.40001
13.5384
True
wall_1648
wall
-185
0
408.5
0
180
0
0.9500037
21.40001
31.5
True
wall_1652
wall
-433
0
310.5
0
220.6013
0
0.9500037
21.40001
9.719544
True
wall_1656
wall
-761
0
417.5
0
63.43494
0
0.9500037
21.40001
11.68034
True
wall_1660
wall
-156.5
0
515
0
270
0
0.9500037
21.40001
27.5
True
wall_1664
wall
-483
0
312
0
270
0
0.9500037
21.40001
10.5
True
wall_1668
wall
-1195.5
0
357
0
270
0
0.9500037
21.40001
9.5
True
wall_1672
wall
-302
0
168.5
0
180
0
0.9500037
21.40001
15.5
True
wall_1676
wall
-675.5
0
292
0
90
0
0.9500037
21.40001
9.5
True
wall_1680
wall
-824.5
0
292
0
90
0
0.9500037
21.40001
13.5
True
wall_1684
wall
-334.5
0
206
0
90
0
0.9500037
21.40001
43.5
True
wall_1688
wall
-390
0
226
0
90
0
0.9500037
21.40001
42.5
True
wall_1692
wall
-934.5
0
292
0
90
0
0.9500037
21.40001
11.5
True
wall_1696
wall
-778.5
0
316.5
0
81.8699
0
0.9500037
21.40001
7.571068
True
wall_1700
wall
-498
0
356
0
90
0
0.9500037
21.40001
16.5
True
wall_1704
wall
-801
0
1
0
90
0
0.9500037
21.40001
14.5
True
wall_1708
wall
-681
0
288
0
0
0
0.9500037
21.40001
6.5
True
wall_1712
wall
-557.5
0
472
0
270
0
0.9500037
21.40001
7.5
True
wall_1716
wall
-471.5
0
229.5
0
181.2189
0
0.9500037
21.40001
47.51064
True
wall_1720
wall
-432
0
167
0
0
0
0.9500037
21.40001
14.5
True
wall_1724
wall
-381.5
0
374.5
0
176.9872
0
0.9500037
21.40001
19.5263
True
wall_1728
wall
-792
0
317
0
90
0
0.9500037
21.40001
12.5
True
wall_1732
wall
-644
0
316
0
104.0362
0
0.9500037
21.40001
8.746211
True
wall_1736
wall
-813
0
296
0
90
0
0.9500037
21.40001
6.5
True
wall_1740
wall
-251
0
379.5
0
0
0
0.9500037
21.40001
37.5
True
wall_1744
wall
-166.5
0
486
0
90
0
0.9500037
21.40001
7.5
True
wall_1748
wall
-1141
0
287
0
270
0
0.9500037
21.40001
14.5
True
wall_1752
wall
-966
0
407.5
0
110.556
0
0.9500037
21.40001
9.044003
True
wall_1756
wall
-1139.5
0
369.5
0
315
0
0.9500037
21.40001
7.571068
True
wall_1760
wall
-487.5
0
219.5
0
273.3665
0
0.9500037
21.40001
17.52939
True
wall_1764
wall
-695.5
0
432
0
119.7449
0
0.9500037
21.40001
8.562258
True
wall_1768
wall
-1028.5
0
440
0
310.6013
0
0.9500037
21.40001
9.719544
True
wall_1772
wall
-331
0
390
0
180
0
0.9500037
21.40001
12.5
True
wall_1776
wall
-476.5
0
273.5
0
176.1859
0
0.9500037
21.40001
15.5333
True
wall_1780
wall
-1315.5
0
340.5
0
273.8141
0
0.9500037
21.40001
15.5333
True
wall_1784
wall
-954.5
0
411.5
0
16.38954
0
0.9500037
21.40001
18.22005
True
wall_1788
wall
-815.5
0
357.5
0
95.19443
0
0.9500037
21.40001
11.54536
True
wall_1792
wall
-411.5
0
235.5
0
6.340193
0
0.9500037
21.40001
9.555386
True
wall_1796
wall
-696
0
493.5
0
221.6335
0
0.9500037
21.40001
12.54159
True
wall_1800
wall
-303
0
361
0
90
0
0.9500037
21.40001
6.5
True
wall_1804
wall
-997
0
423
0
116.5651
0
0.9500037
21.40001
9.444272
True
wall_1808
wall
-471.5
0
147.5
0
188.1301
0
0.9500037
21.40001
7.571068
True
wall_1812
wall
-491.5
0
379.5
0
173.6598
0
0.9500037
21.40001
9.555386
True
wall_1816
wall
-472
0
183
0
180
0
0.9500037
21.40001
20.5
True
wall_1820
wall
-788.5
0
415.5
0
161.565
0
0.9500037
21.40001
16.31139
True
wall_1824
wall
-1075
0
518
0
90
0
0.9500037
21.40001
12.5
True
wall_1828
wall
-808.5
0
409.5
0
341.5651
0
0.9500037
21.40001
16.31139
True
wall_1832
wall
-946
0
266
0
90
0
0.9500037
21.40001
24.5
True
wall_1836
wall
-537.5
0
312
0
270
0
0.9500037
21.40001
35.5
True
wall_1840
wall
-983.5
0
266
0
90
0
0.9500037
21.40001
15.5
True
wall_1844
wall
-456
0
383.5
0
180
0
0.9500037
21.40001
15.5
True
wall_1848
wall
-893.5
0
316
0
90
0
0.9500037
21.40001
29.5
True
wall_1852
wall
-234.5
0
316
0
90
0
0.9500037
21.40001
39.5
True
wall_1856
wall
-561.5
0
407
0
175.2364
0
0.9500037
21.40001
12.54159
True
wall_1860
wall
-931.5
0
316
0
90
0
0.9500037
21.40001
15.5
True
wall_1864
wall
-186
0
502
0
0
0
0.9500037
21.40001
8.5
True
wall_1868
wall
-196.5
0
388.5
0
186.3402
0
0.9500037
21.40001
9.555386
True
wall_1872
wall
-152
0
449.5
0
180
0
0.9500037
21.40001
29.5
True
wall_1876
wall
-1256
0
171
0
180
0
0.9500037
21.40001
10.5
True
wall_1880
wall
-121
0
428
0
0
0
0.9500037
21.40001
66.5
True
wall_1884
wall
-184
0
261
0
101.3099
0
0.9500037
21.40001
10.69804
True
wall_1888
wall
-561.5
0
383
0
175.9144
0
0.9500037
21.40001
14.53567
True
wall_1892
wall
-1326.5
0
465.5
0
177.2737
0
0.9500037
21.40001
21.5238
True
wall_1896
wall
-546
0
502.5
0
0
0
0.9500037
21.40001
7.5
True
wall_1900
wall
-1111.5
0
469.5
0
176.6335
0
0.9500037
21.40001
17.52939
True
wall_1904
wall
-321
0
268
0
0
0
0.9500037
21.40001
10.5
True
wall_1908
wall
-971
0
180
0
0
0
0.9500037
21.40001
8.5
True
wall_1912
wall
-971
0
219
0
0
0
0.9500037
21.40001
8.5
True
wall_1916
wall
-1211.5
0
392.5
0
183.8141
0
0.9500037
21.40001
15.5333
True
wall_1920
wall
-171
0
375
0
0
0
0.9500037
21.40001
12.5
True
wall_1924
wall
-381
0
414.5
0
180
0
0.9500037
21.40001
11.5
True
wall_1928
wall
-797
0
311.5
0
0
0
0.9500037
21.40001
7.5
True
wall_1932
wall
-581
0
392
0
0
0
0.9500037
21.40001
8.5
True
wall_1936
wall
-526
0
448
0
0
0
0.9500037
21.40001
10.5
True
wall_1940
wall
-366.5
0
361
0
90
0
0.9500037
21.40001
7.5
True
wall_1944
wall
-222
0
486
0
90
0
0.9500037
21.40001
16.5
True
wall_1948
wall
-588.5
0
356
0
90
0
0.9500037
21.40001
15.5
True
wall_1952
wall
-820
0
196.5
0
264.2894
0
0.9500037
21.40001
10.54988
True
wall_1956
wall
-1253
0
291.5
0
93.57634
0
0.9500037
21.40001
16.53122
True
wall_1960
wall
-581
0
501.5
0
0
0
0.9500037
21.40001
7.5
True
wall_1964
wall
-1131.5
0
387.5
0
188.1301
0
0.9500037
21.40001
7.571068
True
wall_1968
wall
-1276.5
0
211.5
0
273.3665
0
0.9500037
21.40001
17.52939
True
wall_1972
wall
-1046.5
0
479.5
0
173.6598
0
0.9500037
21.40001
9.555386
True
wall_1976
wall
-663.5
0
126.5
0
273.8141
0
0.9500037
21.40001
15.5333
True
wall_1980
wall
-476.5
0
441
0
90
0
0.9500037
21.40001
13.5
True
wall_1984
wall
-984
0
246
0
90
0
0.9500037
21.40001
10.5
True
wall_1988
wall
-486
0
166.5
0
267.1376
0
0.9500037
21.40001
20.52498
True
wall_1992
wall
-508
0
285.5
0
260.5377
0
0.9500037
21.40001
6.582763
True
wall_1996
wall
-1277
0
181
0
90
0
0.9500037
21.40001
16.5
True
wall_2000
wall
-981
0
211.5
0
267.1376
0
0.9500037
21.40001
20.52498
True
wall_2004
wall
-487
0
146
0
90
0
0.9500037
21.40001
12.5
True
wall_2008
wall
-486.5
0
195.5
0
353.6598
0
0.9500037
21.40001
9.555386
True
wall_2012
wall
-666
0
261
0
270
0
0.9500037
21.40001
16.5
True
wall_2016
wall
-665.5
0
241
0
270
0
0.9500037
21.40001
19.5
True
wall_2020
wall
-866.5
0
316
0
90
0
0.9500037
21.40001
13.5
True
wall_2024
wall
-1060.5
0
503
0
324.1624
0
0.9500037
21.40001
22.7036
True
wall_2028
wall
-355.5
0
233
0
175.9144
0
0.9500037
21.40001
14.53567
True
wall_2032
wall
-1001
0
422
0
303.6901
0
0.9500037
21.40001
14.9222
True
wall_2036
wall
-1097
0
163
0
90
0
0.9500037
21.40001
12.5
True
wall_2040
wall
-697
0
497.5
0
39.17366
0
0.9500037
21.40001
35.32815
True
wall_2044
wall
-785.5
0
427
0
246.0375
0
0.9500037
21.40001
10.34886
True
wall_2048
wall
-956.5
0
358.5
0
94.3987
0
0.9500037
21.40001
13.5384
True
wall_2052
wall
-750.5
0
423
0
60.25512
0
0.9500037
21.40001
8.562258
True
wall_2056
wall
-506
0
159.5
0
180
0
0.9500037
21.40001
11.5
True
wall_2060
wall
-906.5
0
398
0
5.710593
0
0.9500037
21.40001
10.54988
True
wall_2064
wall
-824.5
0
362
0
140.1944
0
0.9500037
21.40001
8.310249
True
wall_2068
wall
-815
0
232
0
90
0
0.9500037
21.40001
20.5
True
wall_2072
wall
-571
0
402.5
0
180
0
0.9500037
21.40001
63.5
True
wall_2076
wall
-1172.5
0
438
0
90
0
0.9500037
21.40001
13.5
True
wall_2080
wall
-1115
0
428
0
90
0
0.9500037
21.40001
30.5
True
wall_2084
wall
-573
0
424
0
0
0
0.9500037
21.40001
20.5
True
wall_2088
wall
-978
0
412.5
0
110.556
0
0.9500037
21.40001
9.044003
True
wall_2092
wall
-480
0
357.5
0
95.71059
0
0.9500037
21.40001
10.54988
True
wall_2096
wall
-965.5
0
356
0
270
0
0.9500037
21.40001
39.5
True
wall_2100
wall
-806.5
0
315
0
270
0
0.9500037
21.40001
15.5
True
wall_2104
wall
-537
0
457
0
90
0
0.9500037
21.40001
26.5
True
wall_2108
wall
-512.5
0
205
0
270
0
0.9500037
21.40001
13.5
True
wall_2112
wall
-266
0
361.5
0
84.28941
0
0.9500037
21.40001
10.54988
True
wall_2116
wall
-479.5
0
378.5
0
201.0375
0
0.9500037
21.40001
14.42839
True
wall_2120
wall
-536
0
455
0
270
0
0.9500037
21.40001
16.5
True
wall_2124
wall
-700.5
0
328
0
90
0
0.9500037
21.40001
29.5
True
wall_2128
wall
-1100
0
265
0
270
0
0.9500037
21.40001
18.5
True
wall_2132
wall
-468
0
380
0
0
0
0.9500037
21.40001
28.5
True
wall_2136
wall
-523
0
271.5
0
0
0
0.9500037
21.40001
15.5
True
wall_2140
wall
-1279.5
0
245
0
270
0
0.9500037
21.40001
13.5
True
wall_2144
wall
-948
0
366
0
0
0
0.9500037
21.40001
14.5
True
wall_2148
wall
-536
0
515
0
270
0
0.9500037
21.40001
10.5
True
wall_2152
wall
-480
0
454.5
0
272.8624
0
0.9500037
21.40001
20.52498
True
wall_2156
wall
-670
0
142
0
180
0
0.9500037
21.40001
14.5
True
wall_2160
wall
-333
0
370.5
0
0
0
0.9500037
21.40001
15.5
True
wall_2164
wall
-959.5
0
170.5
0
174.8056
0
0.9500037
21.40001
11.54536
True
wall_2168
wall
-675
0
394
0
180
0
0.9500037
21.40001
20.5
True
wall_2172
wall
-1131
0
245
0
270
0
0.9500037
21.40001
14.5
True
wall_2176
wall
-1048
0
310
0
270
0
0.9500037
21.40001
10.5
True
wall_2180
wall
-671.5
0
514.5
0
267.5104
0
0.9500037
21.40001
23.52173
True
wall_2184
wall
-1099.5
0
245
0
270
0
0.9500037
21.40001
21.5
True
wall_2188
wall
-666.5
0
198
0
90
0
0.9500037
21.40001
17.5
True
wall_2192
wall
-1240.5
0
265
0
270
0
0.9500037
21.40001
19.5
True
wall_2196
wall
-631
0
195.5
0
267.1376
0
0.9500037
21.40001
20.52498
True
wall_2200
wall
-1134.5
0
265
0
270
0
0.9500037
21.40001
13.5
True
wall_2204
wall
-943
0
422.5
0
106.6992
0
0.9500037
21.40001
10.94031
True
wall_2208
wall
-486
0
207
0
90
0
0.9500037
21.40001
20.5
True
wall_2212
wall
-945
0
420
0
281.3099
0
0.9500037
21.40001
10.69804
True
wall_2216
wall
-520
0
376
0
180
0
0.9500037
21.40001
10.5
True
wall_2220
wall
-1074.5
0
315
0
270
0
0.9500037
21.40001
17.5
True
wall_2224
wall
-379.5
0
233
0
90
0
0.9500037
21.40001
17.5
True
wall_2228
wall
-1220
0
315
0
270
0
0.9500037
21.40001
22.5
True
wall_2232
wall
-1180
0
427.5
0
180
0
0.9500037
21.40001
13.5
True
wall_2236
wall
-1319.5
0
315
0
270
0
0.9500037
21.40001
17.5
True
wall_2240
wall
-592
0
447
0
90
0
0.9500037
21.40001
22.5
True
wall_2244
wall
-903
0
311
0
90
0
0.9500037
21.40001
20.5
True
wall_2248
wall
-283.5
0
518
0
90
0
0.9500037
21.40001
11.5
True
wall_2252
wall
-542
0
465
0
270
0
0.9500037
21.40001
52.5
True
wall_2256
wall
-661.5
0
210
0
270
0
0.9500037
21.40001
13.5
True
wall_2260
wall
-820
0
213
0
90
0
0.9500037
21.40001
10.5
True
wall_2264
wall
-815.5
0
275
0
270
0
0.9500037
21.40001
19.5
True
wall_2268
wall
-940
0
377.5
0
95.71059
0
0.9500037
21.40001
10.54988
True
wall_2272
wall
-1243
0
278
0
90
0
0.9500037
21.40001
24.5
True
wall_2276
wall
-795.5
0
380
0
270
0
0.9500037
21.40001
11.5
True
wall_2280
wall
-1285
0
515
0
270
0
0.9500037
21.40001
42.5
True
wall_2284
wall
-240.5
0
207.5
0
84.80557
0
0.9500037
21.40001
11.54536
True
wall_2288
wall
-377.5
0
178
0
90
0
0.9500037
21.40001
13.5
True
wall_2292
wall
-963
0
383
0
90
0
0.9500037
21.40001
10.5
True
wall_2296
wall
-1279.5
0
233
0
90
0
0.9500037
21.40001
13.5
True
wall_2300
wall
-971.5
0
358
0
90
0
0.9500037
21.40001
13.5
True
wall_2304
wall
-1142.5
0
315
0
270
0
0.9500037
21.40001
13.5
True
wall_2308
wall
-1099
0
233
0
90
0
0.9500037
21.40001
20.5
True
wall_2312
wall
-485
0
237
0
90
0
0.9500037
21.40001
22.5
True
wall_2316
wall
-711
0
140
0
270
0
0.9500037
21.40001
10.5
True
wall_2320
wall
-1133
0
233
0
90
0
0.9500037
21.40001
16.5
True
wall_2324
wall
-512.5
0
219.5
0
274.3987
0
0.9500037
21.40001
13.5384
True
wall_2328
wall
-981
0
278
0
90
0
0.9500037
21.40001
20.5
True
wall_2332
wall
-1242.5
0
233
0
90
0
0.9500037
21.40001
23.5
True
wall_2336
wall
-488
0
252
0
90
0
0.9500037
21.40001
16.5
True
wall_2340
wall
-1097
0
278
0
90
0
0.9500037
21.40001
12.5
True
wall_2344
wall
-1064
0
450
0
270
0
0.9500037
21.40001
10.5
True
wall_2348
wall
-688
0
504.5
0
213.6901
0
0.9500037
21.40001
11.31665
True
wall_2352
wall
-133.5
0
36
0
138.8141
0
0.9500037
21.40001
11.13015
True
wall_2356
wall
-939.5
0
375
0
280.3049
0
0.9500037
21.40001
11.68034
True
wall_2360
wall
-1031
0
452
0
90
0
0.9500037
21.40001
10.5
True
wall_2364
wall
-986.5
0
423.5
0
24.44395
0
0.9500037
21.40001
12.58305
True
wall_2368
wall
-1062.5
0
511
0
141.8428
0
0.9500037
21.40001
18.30449
True
wall_2372
wall
-507
0
195.5
0
0
0
0.9500037
21.40001
9.5
True
wall_2376
wall
-817
0
377
0
90
0
0.9500037
21.40001
12.5
True
wall_2380
wall
-375
0
176
0
270
0
0.9500037
21.40001
18.5
True
wall_2384
wall
-547
0
467
0
90
0
0.9500037
21.40001
62.5
True
wall_2388
wall
-1034.5
0
375.5
0
275.1944
0
0.9500037
21.40001
11.54536
True
wall_2392
wall
-913
0
392.5
0
97.12502
0
0.9500037
21.40001
8.562258
True
wall_2396
wall
-938
0
407.5
0
14.93142
0
0.9500037
21.40001
16.02417
True
wall_2400
wall
-148
0
42
0
315
0
0.9500037
21.40001
8.985281
True
wall_2404
wall
-211.5
0
362
0
90
0
0.9500037
21.40001
7.5
True
wall_2408
wall
-493
0
267
0
90
0
0.9500037
21.40001
26.5
True
wall_2412
wall
-984
0
421.5
0
204.7751
0
0.9500037
21.40001
14.81782
True
wall_2416
wall
-744.5
0
434
0
329.7436
0
0.9500037
21.40001
14.39244
True
wall_2420
wall
-179
0
255.5
0
309.8056
0
0.9500037
21.40001
8.310249
True
wall_2424
wall
-970
0
419.5
0
21.80141
0
0.9500037
21.40001
16.65549
True
wall_2428
wall
-777
0
368.5
0
0
0
0.9500037
21.40001
19.5
True
wall_2432
wall
-521
0
266.5
0
180
0
0.9500037
21.40001
25.5
True
wall_2436
wall
-742
0
436.5
0
146.3099
0
0.9500037
21.40001
11.31665
True
wall_2440
wall
-935.5
0
406
0
199.6538
0
0.9500037
21.40001
15.36607
True
wall_2444
wall
-561
0
457
0
90
0
0.9500037
21.40001
10.5
True
wall_2448
wall
-677.5
0
421.5
0
8.130103
0
0.9500037
21.40001
7.571068
True
wall_2452
wall
-641
0
422
0
90
0
0.9500037
21.40001
36.5
True
wall_2456
wall
-1034
0
473
0
315
0
0.9500037
21.40001
34.44112
True
wall_2460
wall
-698.5
0
447.5
0
95.19443
0
0.9500037
21.40001
11.54536
True
wall_2464
wall
-1242.5
0
267
0
90
0
0.9500037
21.40001
23.5
True
wall_2468
wall
-588
0
431
0
270
0
0.9500037
21.40001
14.5
True
wall_2472
wall
-1186
0
381
0
270
0
0.9500037
21.40001
30.5
True
wall_2476
wall
-1276
0
276
0
270
0
0.9500037
21.40001
16.5
True
wall_2480
wall
-191
0
228
0
194.0362
0
0.9500037
21.40001
8.746211
True
wall_2484
wall
-403
0
231
0
270
0
0.9500037
21.40001
16.5
True
wall_2488
wall
-1085.5
0
425.5
0
263.6598
0
0.9500037
21.40001
9.555386
True
wall_2492
wall
-790
0
411
0
333.4349
0
0.9500037
21.40001
9.444272
True
wall_2496
wall
-317
0
371
0
0
0
0.9500037
21.40001
14.5
True
wall_2500
wall
-742
0
382
0
90
0
0.9500037
21.40001
8.5
True
wall_2504
wall
-178
0
259
0
126.8699
0
0.9500037
21.40001
10.5
True
wall_2508
wall
-988
0
140
0
0
0
0.9500037
21.40001
12.5
True
wall_2512
wall
-1212.5
0
381
0
270
0
0.9500037
21.40001
13.5
True
wall_2516
wall
-672
0
141
0
0
0
0.9500037
21.40001
24.5
True
wall_2520
wall
-235
0
362
0
90
0
0.9500037
21.40001
8.5
True
wall_2524
wall
-514
0
237
0
90
0
0.9500037
21.40001
10.5
True
wall_2528
wall
-514
0
252
0
90
0
0.9500037
21.40001
10.5
True
wall_2532
wall
-507
0
242.5
0
0
0
0.9500037
21.40001
7.5
True
wall_2536
wall
-485.5
0
222
0
90
0
0.9500037
21.40001
21.5
True
wall_2540
wall
-466
0
380.5
0
180
0
0.9500037
21.40001
29.5
True
wall_2544
wall
-1126
0
384
0
180
0
0.9500037
21.40001
12.5
True
wall_2548
wall
-521
0
244
0
180
0
0.9500037
21.40001
10.5
True
wall_2552
wall
-190.5
0
356
0
270
0
0.9500037
21.40001
15.5
True
wall_2556
wall
-775
0
382
0
90
0
0.9500037
21.40001
8.5
True
wall_2560
wall
-705
0
430.5
0
265.2364
0
0.9500037
21.40001
12.54159
True
wall_2564
wall
-547
0
449
0
0
0
0.9500037
21.40001
10.5
True
wall_2568
wall
-632.5
0
447
0
90
0
0.9500037
21.40001
25.5
True
wall_2572
wall
-805.5
0
410.5
0
161.565
0
0.9500037
21.40001
16.31139
True
wall_2576
wall
-145.5
0
517
0
90
0
0.9500037
21.40001
49.5
True
wall_2580
wall
-521
0
213.5
0
180
0
0.9500037
21.40001
9.5
True
wall_2584
wall
-331
0
370.5
0
180
0
0.9500037
21.40001
15.5
True
wall_2588
wall
-376
0
405.5
0
275.7106
0
0.9500037
21.40001
10.54988
True
wall_2592
wall
-522
0
377.5
0
0
0
0.9500037
21.40001
13.5
True
wall_2596
wall
-922
0
405.5
0
10.30485
0
0.9500037
21.40001
11.68034
True
wall_2600
wall
-612
0
378
0
201.8014
0
0.9500037
21.40001
11.27033
True
wall_2604
wall
-1244.5
0
276
0
270
0
0.9500037
21.40001
27.5
True
wall_2608
wall
-668.5
0
422
0
90
0
0.9500037
21.40001
9.5
True
wall_2612
wall
-165.5
0
356
0
270
0
0.9500037
21.40001
11.5
True
wall_2616
wall
-521
0
197
0
180
0
0.9500037
21.40001
14.5
True
wall_2620
wall
-769.5
0
357
0
90
0
0.9500037
21.40001
9.5
True
wall_2624
wall
-322.5
0
416
0
270
0
0.9500037
21.40001
13.5
True
wall_2628
wall
-232
0
375
0
0
0
0.9500037
21.40001
8.5
True
wall_2632
wall
-1131.5
0
452
0
90
0
0.9500037
21.40001
7.5
True
wall_2636
wall
-962
0
172
0
0
0
0.9500037
21.40001
16.5
True
wall_2640
wall
-1100
0
247
0
90
0
0.9500037
21.40001
22.5
True
wall_2644
wall
-187
0
406
0
0
0
0.9500037
21.40001
26.5
True
wall_2648
wall
-1182
0
427
0
0
0
0.9500037
21.40001
12.5
True
wall_2652
wall
-1122
0
219.5
0
0
0
0.9500037
21.40001
9.5
True
wall_2656
wall
-700.5
0
326
0
270
0
0.9500037
21.40001
29.5
True
wall_2660
wall
-677
0
394.5
0
0
0
0.9500037
21.40001
19.5
True
wall_2664
wall
-380
0
231
0
270
0
0.9500037
21.40001
18.5
True
wall_2668
wall
-1074.5
0
317
0
90
0
0.9500037
21.40001
17.5
True
wall_2672
wall
-411
0
182.5
0
180
0
0.9500037
21.40001
7.5
True
wall_2676
wall
-507
0
211.5
0
0
0
0.9500037
21.40001
7.5
True
wall_2680
wall
-661.5
0
212
0
90
0
0.9500037
21.40001
13.5
True
wall_2684
wall
-512.5
0
222
0
90
0
0.9500037
21.40001
13.5
True
wall_2688
wall
-962
0
380
0
270
0
0.9500037
21.40001
12.5
True
wall_2692
wall
-1285
0
517
0
90
0
0.9500037
21.40001
42.5
True
wall_2696
wall
-1278
0
231
0
270
0
0.9500037
21.40001
16.5
True
wall_2700
wall
-655
0
447
0
90
0
0.9500037
21.40001
8.5
True
wall_2704
wall
-815.5
0
277
0
90
0
0.9500037
21.40001
19.5
True
wall_2708
wall
-945.5
0
365.5
0
183.8141
0
0.9500037
21.40001
15.5333
True
wall_2712
wall
-1242.5
0
231
0
270
0
0.9500037
21.40001
23.5
True
wall_2716
wall
-352
0
94.5
0
0
0
0.9500037
21.40001
9.5
True
wall_2720
wall
-820
0
211
0
270
0
0.9500037
21.40001
10.5
True
wall_2724
wall
-1279.5
0
247
0
90
0
0.9500037
21.40001
13.5
True
wall_2728
wall
-1133
0
267
0
90
0
0.9500037
21.40001
16.5
True
wall_2732
wall
-1047
0
312
0
90
0
0.9500037
21.40001
8.5
True
wall_2736
wall
-1255
0
517
0
90
0
0.9500037
21.40001
8.5
True
wall_2740
wall
-521
0
228.5
0
180
0
0.9500037
21.40001
11.5
True
wall_2744
wall
-1100
0
267
0
90
0
0.9500037
21.40001
18.5
True
wall_2748
wall
-667.5
0
196
0
270
0
0.9500037
21.40001
15.5
True
wall_2752
wall
-1131
0
247
0
90
0
0.9500037
21.40001
14.5
True
wall_2756
wall
-670.5
0
517
0
90
0
0.9500037
21.40001
21.5
True
wall_2760
wall
-1122
0
252.5
0
0
0
0.9500037
21.40001
7.5
True
wall_2764
wall
-536
0
517
0
90
0
0.9500037
21.40001
10.5
True
wall_2768
wall
-981
0
276
0
270
0
0.9500037
21.40001
20.5
True
wall_2772
wall
-1097
0
275.5
0
265.2364
0
0.9500037
21.40001
12.54159
True
wall_2776
wall
-283.5
0
515.5
0
275.1944
0
0.9500037
21.40001
11.54536
True
wall_2780
wall
-316.5
0
180
0
270
0
0.9500037
21.40001
7.5
True
wall_2784
wall
-1064
0
452
0
90
0
0.9500037
21.40001
10.5
True
wall_2788
wall
-1133
0
231
0
270
0
0.9500037
21.40001
16.5
True
wall_2792
wall
-513.5
0
207
0
90
0
0.9500037
21.40001
11.5
True
wall_2796
wall
-795.5
0
382
0
90
0
0.9500037
21.40001
11.5
True
wall_2800
wall
-1115.5
0
426
0
270
0
0.9500037
21.40001
29.5
True
wall_2804
wall
-1099
0
231
0
270
0
0.9500037
21.40001
20.5
True
wall_2808
wall
-1319.5
0
317
0
90
0
0.9500037
21.40001
17.5
True
wall_2812
wall
-711
0
142
0
90
0
0.9500037
21.40001
10.5
True
wall_2816
wall
-1220
0
317
0
90
0
0.9500037
21.40001
22.5
True
wall_2820
wall
-480
0
457
0
90
0
0.9500037
21.40001
20.5
True
wall_2824
wall
-301.5
0
437
0
90
0
0.9500037
21.40001
7.5
True
wall_2828
wall
-1096
0
161
0
270
0
0.9500037
21.40001
10.5
True
wall_2832
wall
-974.5
0
315.5
0
275.1944
0
0.9500037
21.40001
11.54536
True
wall_2836
wall
-1201.5
0
317.5
0
98.1301
0
0.9500037
21.40001
7.571068
True
wall_2840
wall
-1183
0
317
0
90
0
0.9500037
21.40001
6.5
True
wall_2844
wall
-1241
0
160.5
0
275.7106
0
0.9500037
21.40001
10.54988
True
wall_2848
wall
-1076
0
515.5
0
275.7106
0
0.9500037
21.40001
10.54988
True
roof
roof
-667
10.7
273.5
0
180
0
1282
1
495
False
roof
roof
-667
10.7
273.5
0
180
0
1282
1
495
False
roof
roof
-667
10.7
273.5
0
180
0
1282
1
495
False
roof
roof
-667
10.7
273.5
0
180
0
1282
1
495
False
roof
roof
-667
10.7
273.5
0
180
0
1282
1
495
False
roof
roof
-667
10.7
273.5
0
180
0
1282
1
495
False
roof
roof
-667
10.7
273.5
0
180
0
1282
1
495
False
roof
roof
-667
10.7
273.5
0
180
0
1282
1
495
False
roof
roof
-667
10.7
273.5
0
180
0
1282
1
495
False
roof
roof
-667
10.7
273.5
0
180
0
1282
1
495
False
roof
roof
-667
10.7
273.5
0
180
0
1282
1
495
False
roof
roof
-667
10.7
273.5
0
180
0
1282
1
495
False
roof
roof
-667
10.7
273.5
0
180
0
1282
1
495
False
roof
roof
-667
10.7
273.5
0
180
0
1282
1
495
False
roof
roof
-667
10.7
273.5
0
180
0
1282
1
495
False
roof
roof
-667
10.7
273.5
0
180
0
1282
1
495
False
roof
roof
-667
10.7
273.5
0
180
0
1282
1
495
False
roof
roof
-667
10.7
273.5
0
180
0
1282
1
495
False
roof
roof
-667
10.7
273.5
0
180
0
1282
1
495
False
roof
roof
-667
10.7
273.5
0
180
0
1282
1
495
False
roof
roof
-667
10.7
273.5
0
180
0
1282
1
495
False
roof
roof
-667
10.7
273.5
0
180
0
1282
1
495
False
roof
roof
-667
10.7
273.5
0
180
0
1282
1
495
False
roof
roof
-667
10.7
273.5
0
180
0
1282
1
495
False
roof
roof
-667
10.7
273.5
0
180
0
1282
1
495
False
roof
roof
-667
10.7
273.5
0
180
0
1282
1
495
False
roof
roof
-667
10.7
273.5
0
180
0
1282
1
495
False
roof
roof
-667
10.7
273.5
0
180
0
1282
1
495
False
roof
roof
-667
10.7
273.5
0
180
0
1282
1
495
False
roof
roof
-667
10.7
273.5
0
180
0
1282
1
495
False
roof
roof
-667
10.7
273.5
0
180
0
1282
1
495
False
roof
roof
-667
10.7
273.5
0
180
0
1282
1
495
False
roof
roof
-667
10.7
273.5
0
180
0
1282
1
495
False
roof
roof
-667
10.7
273.5
0
180
0
1282
1
495
False
roof
roof
-667
10.7
273.5
0
180
0
1282
1
495
False
roof
roof
-667
10.7
273.5
0
180
0
1282
1
495
False
roof
roof
-667
10.7
273.5
0
180
0
1282
1
495
False
roof
roof
-667
10.7
273.5
0
180
0
1282
1
495
False
roof
roof
-667
10.7
273.5
0
180
0
1282
1
495
False
roof
roof
-667
10.7
273.5
0
180
0
1282
1
495
False
roof
roof
-667
10.7
273.5
0
180
0
1282
1
495
False
roof
roof
-667
10.7
273.5
0
180
0
1282
1
495
False
roof
roof
-667
10.7
273.5
0
180
0
1282
1
495
False
roof
roof
-667
10.7
273.5
0
180
0
1282
1
495
False
roof
roof
-667
10.7
273.5
0
180
0
1282
1
495
False
roof
roof
-667
10.7
273.5
0
180
0
1282
1
495
False
roof
roof
-667
10.7
273.5
0
180
0
1282
1
495
False
roof
roof
-667
10.7
273.5
0
180
0
1282
1
495
False
roof
roof
-667
10.7
273.5
0
180
0
1282
1
495
False
roof
roof
-667
10.7
273.5
0
180
0
1282
1
495
False
roof
roof
-667
10.7
273.5
0
180
0
1282
1
495
False
roof
roof
-667
10.7
273.5
0
180
0
1282
1
495
False
roof
roof
-667
10.7
273.5
0
180
0
1282
1
495
False
roof
roof
-667
10.7
273.5
0
180
0
1282
1
495
False
roof
roof
-667
10.7
273.5
0
180
0
1282
1
495
False
roof
roof
-667
10.7
273.5
0
180
0
1282
1
495
False
roof
roof
-667
10.7
273.5
0
180
0
1282
1
495
False
roof
roof
-667
10.7
273.5
0
270
0
1282
1
495
False
roof
roof
-667
10.7
273.5
0
270
0
1282
1
495
False
roof
roof
-667
10.7
273.5
0
270
0
1282
1
495
False
roof
roof
-667
10.7
273.5
0
270
0
1282
1
495
False
roof
roof
-667
10.7
273.5
0
270
0
1282
1
495
False
roof
roof
-667
10.7
273.5
0
270
0
1282
1
495
False
roof
roof
-667
10.7
273.5
0
270
0
1282
1
495
False
roof
roof
-667
10.7
273.5
0
270
0
1282
1
495
False
roof
roof
-667
10.7
273.5
0
270
0
1282
1
495
False
roof
roof
-667
10.7
273.5
0
270
0
1282
1
495
False
roof
roof
-667
10.7
273.5
0
270
0
1282
1
495
False
roof
roof
-667
10.7
273.5
0
270
0
1282
1
495
False
roof
roof
-667
10.7
273.5
0
270
0
1282
1
495
False
roof
roof
-667
10.7
273.5
0
270
0
1282
1
495
False
roof
roof
-667
10.7
273.5
0
270
0
1282
1
495
False
roof
roof
-667
10.7
273.5
0
270
0
1282
1
495
False
roof
roof
-667
10.7
273.5
0
270
0
1282
1
495
False
roof
roof
-667
10.7
273.5
0
270
0
1282
1
495
False
roof
roof
-667
10.7
273.5
0
270
0
1282
1
495
False
roof
roof
-667
10.7
273.5
0
270
0
1282
1
495
False
roof
roof
-667
10.7
273.5
0
270
0
1282
1
495
False
roof
roof
-667
10.7
273.5
0
270
0
1282
1
495
False
roof
roof
-667
10.7
273.5
0
270
0
1282
1
495
False
roof
roof
-667
10.7
273.5
0
270
0
1282
1
495
False
roof
roof
-667
10.7
273.5
0
270
0
1282
1
495
False
roof
roof
-667
10.7
273.5
0
270
0
1282
1
495
False
roof
roof
-667
10.7
273.5
0
270
0
1282
1
495
False
roof
roof
-667
10.7
273.5
0
270
0
1282
1
495
False
roof
roof
-667
10.7
273.5
0
270
0
1282
1
495
False
roof
roof
-667
10.7
273.5
0
270
0
1282
1
495
False
roof
roof
-667
10.7
273.5
0
270
0
1282
1
495
False
roof
roof
-667
10.7
273.5
0
270
0
1282
1
495
False
roof
roof
-667
10.7
273.5
0
270
0
1282
1
495
False
roof
roof
-667
10.7
273.5
0
270
0
1282
1
495
False
roof
roof
-667
10.7
273.5
0
270
0
1282
1
495
False
roof
roof
-667
10.7
273.5
0
270
0
1282
1
495
False
roof
roof
-667
10.7
273.5
0
270
0
1282
1
495
False
roof
roof
-667
10.7
273.5
0
270
0
1282
1
495
False
roof
roof
-667
10.7
273.5
0
270
0
1282
1
495
False
roof
roof
-667
10.7
273.5
0
270
0
1282
1
495
False
roof
roof
-667
10.7
273.5
0
270
0
1282
1
495
False
roof
roof
-667
10.7
273.5
0
270
0
1282
1
495
False
roof
roof
-667
10.7
273.5
0
270
0
1282
1
495
False
roof
roof
-667
10.7
273.5
0
270
0
1282
1
495
False
roof
roof
-667
10.7
273.5
0
270
0
1282
1
495
False
roof
roof
-667
10.7
273.5
0
270
0
1282
1
495
False
roof
roof
-667
10.7
273.5
0
270
0
1282
1
495
False
roof
roof
-667
10.7
273.5
0
270
0
1282
1
495
False
roof
roof
-667
10.7
273.5
0
270
0
1282
1
495
False
roof
roof
-667
10.7
273.5
0
270
0
1282
1
495
False
roof
roof
-667
10.7
273.5
0
270
0
1282
1
495
False
roof
roof
-667
10.7
273.5
0
270
0
1282
1
495
False
roof
roof
-667
10.7
273.5
0
270
0
1282
1
495
False
roof
roof
-667
10.7
273.5
0
270
0
1282
1
495
False
roof
roof
-667
10.7
273.5
0
270
0
1282
1
495
False
roof
roof
-667
10.7
273.5
0
270
0
1282
1
495
False
roof
roof
-667
10.7
273.5
0
270
0
1282
1
495
False
roof
roof
-667
10.7
273.5
0
270
0
1282
1
495
False
roof
roof
-667
10.7
273.5
0
270
0
1282
1
495
False
roof
roof
-667
10.7
273.5
0
270
0
1282
1
495
False
roof
roof
-667
10.7
273.5
0
270
0
1282
1
495
False
roof
roof
-667
10.7
273.5
0
270
0
1282
1
495
False
roof
roof
-667
10.7
273.5
0
270
0
1282
1
495
False
roof
roof
-667
10.7
273.5
0
270
0
1282
1
495
False
roof
roof
-667
10.7
273.5
0
270
0
1282
1
495
False
roof
roof
-667
10.7
273.5
0
270
0
1282
1
495
False
roof
roof
-667
10.7
273.5
0
270
0
1282
1
495
False
roof
roof
-667
10.7
273.5
0
270
0
1282
1
495
False
roof
roof
-667
10.7
273.5
0
270
0
1282
1
495
False
roof
roof
-667
10.7
273.5
0
270
0
1282
1
495
False
roof
roof
-667
10.7
273.5
0
270
0
1282
1
495
False
roof
roof
-667
10.7
273.5
0
270
0
1282
1
495
False
roof
roof
-667
10.7
273.5
0
270
0
1282
1
495
False
roof
roof
-667
10.7
273.5
0
270
0
1282
1
495
False
roof
roof
-667
10.7
273.5
0
270
0
1282
1
495
False
roof
roof
-667
10.7
273.5
0
270
0
1282
1
495
False
roof
roof
-667
10.7
273.5
0
270
0
1282
1
495
False
roof
roof
-667
10.7
273.5
0
270
0
1282
1
495
False
roof
roof
-667
10.7
273.5
0
270
0
1282
1
495
False
roof
roof
-667
10.7
273.5
0
270
0
1282
1
495
False
roof
roof
-667
10.7
273.5
0
270
0
1282
1
495
False
roof
roof
-667
10.7
273.5
0
270
0
1282
1
495
False
roof
roof
-667
10.7
273.5
0
270
0
1282
1
495
False
roof
roof
-667
10.7
273.5
0
270
0
1282
1
495
False
roof
roof
-667
10.7
273.5
0
270
0
1282
1
495
False
roof
roof
-667
10.7
273.5
0
270
0
1282
1
495
False
roof
roof
-667
10.7
273.5
0
270
0
1282
1
495
False
roof
roof
-667
10.7
273.5
0
270
0
1282
1
495
False
roof
roof
-667
10.7
273.5
0
270
0
1282
1
495
False
roof
roof
-667
10.7
273.5
0
270
0
1282
1
495
False
roof
roof
-667
10.7
273.5
0
270
0
1282
1
495
False
roof
roof
-667
10.7
273.5
0
270
0
1282
1
495
False
roof
roof
-667
10.7
273.5
0
270
0
1282
1
495
False
